GT: [[1 1 1 0]
 [0 0 1 1]
 [0 1 1 1]
 [0 1 1 0]
 [1 0 1 1]]
GT: {'l': [array([[  9.99990000e-01,   1.00000000e-04],
       [  1.00000000e-04,   9.99990000e-01],
       [  1.00000000e-04,   1.00000000e-04],
       [  1.00000000e-04,   1.00000000e-04]])], 'v': [array([[  1.00000000e-04,   1.00000000e-04],
       [  1.00000000e-04,   1.00000000e-04],
       [  9.99990000e-01,   1.00000000e-04],
       [  1.00000000e-01,   9.99990000e-01]])]}
GT: [[ 1.]
 [ 1.]
 [ 1.]
 [ 1.]
 [ 1.]]
Iteration #0 Log-ProbabilityF,Z: -3.905654 Log-Probability Total:-504.179026 Number of States:1
[[ 1.]
 [ 1.]
 [ 1.]
 [ 1.]
 [ 1.]]
Time 0.01 sec
Time 1.01 sec
Time 0.62 sec
{'l': [matrix([[  1.57439722e-01,   1.68243711e-01],
        [  1.38363535e-01,   2.13066630e-01],
        [  2.31495977e-02,   9.08737376e-06],
        [  6.07538838e-02,   1.17704483e-01],
        [  2.92782501e-02,   4.40667020e-01],
        [  6.18163011e-02,   4.46915321e-03]])], 'v': [matrix([[ 0.39673172,  0.29128548],
        [ 0.5493968 ,  0.00090721],
        [ 0.59010373,  0.37208882],
        [ 0.30476079,  0.22717449],
        [ 0.46235416,  0.00158381],
        [ 0.22101884,  0.6099831 ]])]}
Iteration #1 Log-ProbabilityF,Z: -226.258952 Log-Probability Total:-683.255158 Number of States:6
[[ 1.  1.  0.  0.  0.  0.]
 [ 1.  0.  1.  0.  0.  0.]
 [ 1.  0.  0.  1.  0.  0.]
 [ 1.  0.  0.  0.  1.  0.]
 [ 1.  0.  0.  0.  0.  1.]]
Time 13.47 sec
Time 7.15 sec
Time 1.38 sec
{'l': [matrix([[  3.70548899e-02,   3.69416550e-01],
        [  2.38398141e-01,   1.41772954e-01],
        [  1.31121757e-02,   3.43490264e-03],
        [  1.42615647e-04,   5.31725465e-01],
        [  7.38005655e-02,   5.12544189e-02],
        [  6.59223250e-01,   2.28713109e-01]])], 'v': [matrix([[ 0.22011035,  0.28610262],
        [ 0.6142665 ,  0.01217558],
        [ 0.65351918,  0.42775878],
        [ 0.4441895 ,  0.00641742],
        [ 0.49119719,  0.6911601 ],
        [ 0.41816668,  0.07476901]])]}
Iteration #2 Log-ProbabilityF,Z: -228.557502 Log-Probability Total:-637.192105 Number of States:6
[[ 1.  1.  0.  1.  0.  0.]
 [ 0.  0.  1.  0.  1.  1.]
 [ 1.  1.  1.  1.  1.  0.]
 [ 0.  1.  1.  1.  1.  0.]
 [ 1.  1.  1.  1.  1.  0.]]
Time 15.78 sec
Time 6.78 sec
Time 4.69 sec
{'l': [matrix([[  9.22767037e-02,   8.40737731e-01],
        [  1.01208733e-01,   6.20934871e-02],
        [  7.43745906e-02,   8.33523899e-03],
        [  5.70510013e-03,   8.04253851e-01],
        [  4.71922149e-02,   5.01040106e-04],
        [  8.48457878e-01,   8.53014414e-03],
        [  5.81871157e-01,   2.78574062e-01],
        [  3.31316292e-03,   8.02942317e-01],
        [  5.57850515e-02,   7.92505073e-01]])], 'v': [matrix([[ 0.94902246,  0.04704831],
        [ 0.74118655,  0.02162549],
        [ 0.67763367,  0.33644011],
        [ 0.27198647,  0.05174644],
        [ 0.42086728,  0.70962022],
        [ 0.58470331,  0.35348775],
        [ 0.02651576,  0.01121048],
        [ 0.29842246,  0.01584652],
        [ 0.29516381,  0.46362605]])]}
Iteration #3 Log-ProbabilityF,Z: -297.538853 Log-Probability Total:-627.925646 Number of States:9
[[ 1.  1.  1.  1.  1.  1.  1.  0.  0.]
 [ 1.  1.  0.  0.  1.  0.  0.  0.  0.]
 [ 0.  1.  0.  1.  1.  0.  0.  0.  0.]
 [ 0.  1.  0.  1.  0.  0.  0.  1.  0.]
 [ 0.  1.  1.  0.  1.  1.  0.  0.  1.]]
Time 31.63 sec
Time 8.09 sec
Time 4.89 sec
{'l': [matrix([[ 0.94600049,  0.60900555],
        [ 0.04062496,  0.03339349],
        [ 0.15463333,  0.04590123],
        [ 0.02257822,  0.87210548],
        [ 0.02075013,  0.00828336],
        [ 0.06523165,  0.69551771],
        [ 0.87212572,  0.04199606],
        [ 0.01570124,  0.92195981],
        [ 0.40607073,  0.61502479],
        [ 0.07446214,  0.33455946]])], 'v': [matrix([[  1.08233517e-01,   5.64996378e-01],
        [  9.48533919e-01,   1.89283299e-04],
        [  6.62960033e-01,   7.80968542e-01],
        [  1.20660006e-01,   8.29840660e-03],
        [  3.17011657e-01,   7.45032818e-01],
        [  5.10949434e-01,   3.02588480e-01],
        [  2.86620433e-01,   2.01618646e-02],
        [  1.27183031e-01,   3.28996288e-02],
        [  8.33162523e-02,   3.44459580e-01],
        [  1.56678451e-01,   8.51093113e-01]])]}
Iteration #4 Log-ProbabilityF,Z: -325.470370 Log-Probability Total:-588.817961 Number of States:10
[[ 0.  1.  0.  1.  0.  0.  1.  1.  0.  0.]
 [ 1.  1.  0.  1.  1.  0.  0.  1.  1.  0.]
 [ 0.  1.  0.  1.  1.  0.  1.  1.  0.  0.]
 [ 0.  1.  1.  0.  0.  1.  0.  1.  0.  0.]
 [ 0.  1.  0.  1.  1.  1.  1.  1.  0.  1.]]
Time 41.10 sec
Time 8.33 sec
Time 4.94 sec
{'l': [matrix([[  6.25310408e-01,   7.22518747e-01],
        [  8.50069531e-03,   1.61001060e-02],
        [  1.83668288e-03,   5.20458914e-02],
        [  8.38405246e-01,   3.57283524e-01],
        [  1.41672507e-04,   1.02303156e-02],
        [  9.15485065e-04,   8.34519754e-01],
        [  9.37105313e-01,   7.33884024e-03],
        [  3.46141593e-03,   9.53512763e-01],
        [  2.12331327e-01,   1.79576276e-01],
        [  1.81186135e-02,   2.06287932e-03]])], 'v': [matrix([[ 0.77896383,  0.71695712],
        [ 0.99597306,  0.00324128],
        [ 0.9770738 ,  0.60838615],
        [ 0.82394281,  0.59820827],
        [ 0.34929591,  0.66820151],
        [ 0.1113805 ,  0.38129606],
        [ 0.17890982,  0.10196384],
        [ 0.06756392,  0.08881273],
        [ 0.16906914,  0.92274954],
        [ 0.04695266,  0.9312756 ]])]}
Iteration #5 Log-ProbabilityF,Z: -362.727262 Log-Probability Total:-503.525504 Number of States:10
[[ 0.  1.  0.  0.  1.  1.  1.  1.  0.  0.]
 [ 1.  1.  0.  0.  1.  1.  1.  1.  1.  1.]
 [ 0.  1.  0.  0.  1.  0.  0.  1.  0.  0.]
 [ 0.  1.  1.  0.  1.  0.  1.  1.  0.  1.]
 [ 0.  1.  0.  1.  0.  0.  1.  0.  0.  1.]]
Time 38.84 sec
Time 7.01 sec
Time 1.57 sec
{'l': [matrix([[ 0.22702286,  0.50913235],
        [ 0.0049813 ,  0.01011724],
        [ 0.02427258,  0.24114427],
        [ 0.01893192,  0.0801518 ],
        [ 0.30479515,  0.16666219],
        [ 0.00481788,  0.92314328],
        [ 0.00581123,  0.04293323],
        [ 0.06325468,  0.14254021],
        [ 0.03635041,  0.99804367]])], 'v': [matrix([[ 0.03848483,  0.04333884],
        [ 0.98237112,  0.01319427],
        [ 0.73960029,  0.41356616],
        [ 0.45094296,  0.55343351],
        [ 0.26505516,  0.01971982],
        [ 0.05697874,  0.01943737],
        [ 0.03151087,  0.87314902],
        [ 0.27187274,  0.69295559],
        [ 0.23168001,  0.50941352]])]}
Iteration #6 Log-ProbabilityF,Z: -339.837558 Log-Probability Total:-577.773564 Number of States:9
[[ 1.  1.  0.  0.  1.  1.  0.  1.  0.]
 [ 0.  1.  0.  0.  1.  0.  1.  1.  0.]
 [ 0.  1.  0.  1.  1.  1.  0.  1.  0.]
 [ 0.  1.  1.  0.  0.  1.  0.  1.  1.]
 [ 0.  1.  1.  0.  1.  1.  0.  1.  0.]]
Time 28.96 sec
Time 6.14 sec
Time 3.78 sec
{'l': [matrix([[  5.98094362e-01,   4.03618576e-01],
        [  1.99504141e-03,   2.38930846e-04],
        [  5.42340871e-02,   1.60891517e-02],
        [  1.60576525e-01,   2.60461690e-02],
        [  3.70355738e-02,   9.37710245e-01],
        [  1.48626408e-02,   2.00355032e-02],
        [  2.07594958e-01,   4.65135563e-01],
        [  8.43910695e-01,   1.68577840e-01]])], 'v': [matrix([[  4.00885677e-02,   1.19788662e-02],
        [  9.97374476e-01,   5.48615479e-03],
        [  5.96201814e-01,   4.60072431e-01],
        [  7.15016212e-01,   1.64112930e-01],
        [  5.14292658e-02,   5.02036791e-04],
        [  1.24079421e-01,   8.80553302e-01],
        [  5.64624856e-01,   2.81550974e-01],
        [  7.31651929e-01,   6.27471188e-01]])]}
Iteration #7 Log-ProbabilityF,Z: -301.618117 Log-Probability Total:-511.299686 Number of States:8
[[ 1.  1.  0.  1.  0.  0.  1.  0.]
 [ 0.  1.  0.  0.  1.  1.  0.  0.]
 [ 0.  1.  1.  0.  1.  1.  1.  0.]
 [ 0.  1.  0.  1.  1.  1.  0.  1.]
 [ 0.  1.  0.  1.  0.  1.  0.  1.]]
Time 27.10 sec
Time 8.52 sec
Time 2.14 sec
{'l': [matrix([[ 0.45577879,  0.52193373],
        [ 0.00098245,  0.02817592],
        [ 0.03115036,  0.02164852],
        [ 0.02457392,  0.93877896],
        [ 0.0050815 ,  0.00531974],
        [ 0.33210358,  0.34641029],
        [ 0.39321179,  0.10125705],
        [ 0.04712617,  0.84451138]])], 'v': [matrix([[  4.92099692e-02,   6.54340372e-02],
        [  9.87926585e-01,   1.05262262e-03],
        [  9.70079583e-01,   3.57918194e-01],
        [  1.31490992e-01,   1.00502096e-04],
        [  1.56456571e-01,   8.50063168e-01],
        [  5.16201232e-01,   6.40186096e-01],
        [  5.10555990e-01,   2.85851507e-01],
        [  9.45893283e-02,   3.03766859e-02]])]}
Iteration #8 Log-ProbabilityF,Z: -325.700117 Log-Probability Total:-505.344543 Number of States:8
[[ 1.  1.  0.  1.  1.  0.  1.  0.]
 [ 1.  1.  0.  1.  1.  0.  1.  0.]
 [ 1.  1.  1.  1.  1.  1.  1.  0.]
 [ 1.  1.  0.  1.  1.  0.  1.  1.]
 [ 1.  1.  0.  1.  1.  0.  1.  0.]]
Time 28.41 sec
Time 7.62 sec
Time 2.86 sec
{'l': [matrix([[ 0.52669046,  0.4795853 ],
        [ 0.01022826,  0.00922735],
        [ 0.01929695,  0.0026796 ],
        [ 0.00526748,  0.99254921],
        [ 0.02202894,  0.01315467],
        [ 0.16966492,  0.2936404 ],
        [ 0.5921867 ,  0.02049218],
        [ 0.9056399 ,  0.1502781 ]])], 'v': [matrix([[ 0.14171908,  0.11281465],
        [ 0.97576635,  0.0019128 ],
        [ 0.93717043,  0.3299633 ],
        [ 0.01408324,  0.01301101],
        [ 0.1241209 ,  0.90437267],
        [ 0.53030188,  0.53739993],
        [ 0.18771464,  0.03258953],
        [ 0.17380133,  0.31266039]])]}
Iteration #9 Log-ProbabilityF,Z: -349.111984 Log-Probability Total:-504.650403 Number of States:8
[[ 1.  1.  0.  1.  0.  0.  0.  0.]
 [ 1.  1.  0.  1.  1.  0.  0.  1.]
 [ 0.  1.  1.  1.  1.  1.  0.  1.]
 [ 0.  1.  0.  1.  1.  0.  0.  0.]
 [ 0.  1.  0.  1.  1.  0.  1.  1.]]
Time 27.46 sec
Time 9.52 sec
Time 3.92 sec
{'l': [matrix([[  5.83036567e-05,   8.93166026e-04],
        [  1.07292670e-03,   4.28206353e-03],
        [  1.88336750e-02,   9.82664117e-01],
        [  5.00203373e-04,   1.63735923e-02],
        [  2.64921385e-01,   3.20501592e-02],
        [  8.29640482e-01,   1.12476496e-01],
        [  3.65511661e-01,   2.32958826e-01]])], 'v': [matrix([[ 0.99853341,  0.00442675],
        [ 0.85483609,  0.15860469],
        [ 0.00109467,  0.00852976],
        [ 0.05188577,  0.95926826],
        [ 0.97158416,  0.59363193],
        [ 0.1389919 ,  0.15100488],
        [ 0.09343399,  0.03859315]])]}
Iteration #10 Log-ProbabilityF,Z: -350.320485 Log-Probability Total:-445.671940 Number of States:7
[[ 1.  0.  1.  1.  0.  1.  1.]
 [ 1.  0.  1.  1.  0.  1.  0.]
 [ 1.  1.  1.  1.  1.  1.  0.]
 [ 1.  0.  1.  1.  0.  1.  1.]
 [ 1.  1.  1.  1.  0.  1.  0.]]
Time 26.83 sec
Time 6.47 sec
Time 4.78 sec
{'l': [matrix([[  1.46328059e-02,   2.72901339e-03],
        [  2.13106619e-01,   1.11449525e-01],
        [  5.55474996e-02,   9.80285765e-01],
        [  5.40133535e-04,   1.00231848e-02],
        [  6.90268153e-02,   1.38866670e-01],
        [  9.29836882e-01,   6.48389274e-04],
        [  6.39950229e-01,   5.43878653e-01]])], 'v': [matrix([[  9.94826621e-01,   2.77365818e-03],
        [  9.78913175e-01,   2.63998263e-01],
        [  1.27409481e-02,   1.67798107e-02],
        [  1.04151681e-01,   9.99439979e-01],
        [  9.87321585e-01,   2.19888395e-01],
        [  4.46646583e-02,   3.49693391e-04],
        [  1.09947599e-01,   1.96426421e-01]])]}
Iteration #11 Log-ProbabilityF,Z: -345.248410 Log-Probability Total:-420.808029 Number of States:7
[[ 1.  0.  1.  1.  0.  1.  0.]
 [ 1.  1.  1.  1.  0.  1.  0.]
 [ 1.  0.  1.  1.  1.  0.  0.]
 [ 1.  1.  1.  1.  0.  0.  1.]
 [ 1.  0.  1.  1.  1.  1.  0.]]
Time 22.64 sec
Time 7.62 sec
Time 1.57 sec
{'l': [matrix([[  3.96247230e-03,   5.23378768e-03],
        [  7.42497125e-01,   2.34362735e-03],
        [  4.73113370e-04,   9.29343377e-01],
        [  8.88963692e-04,   1.09721654e-02],
        [  4.82394178e-01,   4.61592285e-01],
        [  9.56671281e-01,   1.53436825e-02],
        [  1.52049019e-02,   2.38071212e-01],
        [  5.06975639e-01,   2.92542586e-01]])], 'v': [matrix([[ 0.98179778,  0.01911525],
        [ 0.18156798,  0.9710102 ],
        [ 0.02076499,  0.04134208],
        [ 0.07107979,  0.98948305],
        [ 0.90312611,  0.20480544],
        [ 0.00505435,  0.04983644],
        [ 0.81715963,  0.27979714],
        [ 0.5467049 ,  0.45467805]])]}
Iteration #12 Log-ProbabilityF,Z: -335.974707 Log-Probability Total:-400.359250 Number of States:8
[[ 1.  0.  1.  0.  0.  1.  0.  0.]
 [ 1.  0.  1.  1.  1.  0.  1.  0.]
 [ 1.  1.  1.  1.  0.  0.  0.  0.]
 [ 1.  0.  1.  1.  1.  1.  0.  0.]
 [ 1.  1.  0.  1.  0.  1.  0.  1.]]
Time 28.59 sec
Time 8.37 sec
Time 6.03 sec
{'l': [matrix([[  4.19158946e-03,   5.76067870e-04],
        [  4.70826759e-01,   9.42358840e-01],
        [  5.57887034e-02,   9.95485997e-01],
        [  4.21608427e-03,   3.43893107e-03],
        [  1.24102200e-01,   8.08695835e-01],
        [  9.99225144e-01,   2.06054953e-01],
        [  3.04801698e-02,   1.19302244e-01],
        [  3.09721015e-01,   2.69319078e-01]])], 'v': [matrix([[  9.97651905e-01,   1.04009468e-03],
        [  3.29510007e-01,   8.02437245e-01],
        [  1.05963495e-02,   2.08365271e-02],
        [  6.94609849e-02,   9.90052420e-01],
        [  2.51470654e-03,   2.41024899e-02],
        [  9.95085230e-04,   1.39513655e-02],
        [  9.71789180e-01,   2.95892672e-01],
        [  4.84609379e-01,   1.15663850e-01]])]}
Iteration #13 Log-ProbabilityF,Z: -343.042311 Log-Probability Total:-418.518443 Number of States:8
[[ 1.  0.  1.  1.  1.  1.  0.  1.]
 [ 1.  1.  0.  1.  0.  1.  1.  1.]
 [ 1.  0.  1.  1.  0.  1.  0.  1.]
 [ 1.  0.  1.  1.  0.  1.  0.  1.]
 [ 1.  0.  1.  1.  0.  1.  1.  1.]]
Time 44.67 sec
Time 11.88 sec
Time 4.92 sec
{'l': [matrix([[  9.75129407e-04,   1.17801182e-03],
        [  3.71548358e-01,   1.53435561e-01],
        [  6.77623823e-02,   9.99815547e-01],
        [  2.25023954e-03,   5.09676213e-02],
        [  3.22955170e-01,   7.54542675e-01],
        [  8.91376337e-01,   6.82958555e-02],
        [  3.16537064e-02,   2.66901850e-01],
        [  1.25071434e-02,   1.15804761e-01]])], 'v': [matrix([[ 0.99502864,  0.00750548],
        [ 0.75210158,  0.92617485],
        [ 0.00250864,  0.01687341],
        [ 0.02038266,  0.9996196 ],
        [ 0.26335388,  0.06188204],
        [ 0.01893234,  0.07450677],
        [ 0.94923429,  0.15662955],
        [ 0.82061749,  0.75519449]])]}
Iteration #14 Log-ProbabilityF,Z: -348.966082 Log-Probability Total:-403.408347 Number of States:8
[[ 1.  0.  1.  1.  1.  1.  1.  0.]
 [ 1.  1.  1.  1.  0.  1.  0.  1.]
 [ 1.  0.  1.  1.  0.  1.  1.  0.]
 [ 1.  1.  1.  0.  0.  1.  1.  0.]
 [ 1.  1.  1.  1.  0.  1.  1.  0.]]
Time 37.45 sec
Time 7.92 sec
Time 6.12 sec
{'l': [matrix([[  1.36743747e-02,   2.60772590e-03],
        [  4.84779473e-01,   8.79296525e-03],
        [  1.62867547e-03,   9.98210458e-01],
        [  9.83161253e-04,   2.05030709e-04],
        [  9.69786389e-01,   6.04128120e-04],
        [  2.72535522e-01,   4.79774063e-03],
        [  1.46181765e-01,   7.68616443e-03]])], 'v': [matrix([[  9.89021962e-01,   2.00493816e-06],
        [  3.38718255e-01,   9.85952983e-01],
        [  2.02915434e-03,   2.67371649e-03],
        [  3.22316729e-02,   9.92792716e-01],
        [  9.82989268e-02,   2.26652979e-02],
        [  9.29543943e-01,   6.47826847e-01],
        [  8.86840124e-01,   2.09377300e-01]])]}
Iteration #15 Log-ProbabilityF,Z: -344.478408 Log-Probability Total:-415.963229 Number of States:7
[[ 1.  1.  1.  0.  1.  0.  0.]
 [ 1.  0.  0.  1.  1.  1.  1.]
 [ 1.  1.  1.  1.  1.  0.  1.]
 [ 1.  0.  1.  1.  0.  0.  0.]
 [ 1.  0.  0.  1.  1.  1.  1.]]
Time 27.08 sec
Time 9.58 sec
Time 2.82 sec
{'l': [matrix([[ 0.00411411,  0.00579086],
        [ 0.37447287,  0.97275983],
        [ 0.02916352,  0.99668712],
        [ 0.02879364,  0.00961205],
        [ 0.9947965 ,  0.00697017],
        [ 0.00672101,  0.09709666],
        [ 0.83043272,  0.52267391]])], 'v': [matrix([[  9.98201744e-01,   7.53502481e-04],
        [  6.01563942e-01,   3.71627801e-03],
        [  1.79244201e-02,   7.59961993e-03],
        [  6.14404818e-02,   9.59497566e-01],
        [  4.37111876e-02,   3.83530517e-03],
        [  8.51830074e-01,   7.21266363e-01],
        [  7.63145957e-01,   8.08853063e-02]])]}
Iteration #16 Log-ProbabilityF,Z: -340.320909 Log-Probability Total:-403.652042 Number of States:7
[[ 1.  0.  1.  1.  1.  0.  1.]
 [ 1.  0.  1.  1.  0.  0.  0.]
 [ 1.  1.  1.  1.  0.  1.  0.]
 [ 1.  1.  1.  1.  0.  1.  0.]
 [ 1.  0.  1.  1.  1.  1.  0.]]
Time 26.57 sec
Time 11.78 sec
Time 5.50 sec
{'l': [matrix([[  4.49278690e-04,   5.86410943e-03],
        [  8.11773398e-01,   7.43675107e-01],
        [  2.89998858e-02,   9.73797935e-01],
        [  8.85382026e-03,   4.10399302e-03],
        [  9.83148098e-01,   1.35409936e-02],
        [  2.47442904e-02,   6.21574315e-04],
        [  8.32414515e-01,   6.04657368e-01]])], 'v': [matrix([[ 0.99765031,  0.00177412],
        [ 0.88392414,  0.16391018],
        [ 0.00476911,  0.00392731],
        [ 0.0854982 ,  0.97946036],
        [ 0.02630602,  0.08460457],
        [ 0.59715699,  0.5106851 ],
        [ 0.26568617,  0.68890832]])]}
Iteration #17 Log-ProbabilityF,Z: -338.284250 Log-Probability Total:-403.576900 Number of States:7
[[ 1.  1.  1.  0.  1.  1.  1.]
 [ 1.  1.  1.  1.  0.  1.  0.]
 [ 1.  0.  1.  1.  1.  1.  1.]
 [ 1.  0.  1.  0.  1.  0.  1.]
 [ 1.  1.  1.  1.  1.  1.  1.]]
Time 32.94 sec
Time 8.07 sec
Time 2.47 sec
{'l': [matrix([[  1.23367577e-02,   9.21580408e-03],
        [  2.40603744e-01,   8.14887709e-03],
        [  1.31317674e-02,   9.99411474e-01],
        [  9.73091742e-03,   5.03401975e-04],
        [  9.83949716e-01,   7.58407081e-02],
        [  3.16070151e-02,   2.40340965e-02]])], 'v': [matrix([[ 0.9950243 ,  0.00113959],
        [ 0.71291493,  0.67937842],
        [ 0.00370841,  0.01086515],
        [ 0.07493258,  0.99928717],
        [ 0.06966768,  0.00477064],
        [ 0.9783328 ,  0.35620256]])]}
Iteration #18 Log-ProbabilityF,Z: -308.098726 Log-Probability Total:-371.815149 Number of States:6
[[ 1.  0.  1.  1.  1.  0.]
 [ 1.  0.  1.  1.  1.  0.]
 [ 1.  1.  1.  1.  1.  0.]
 [ 1.  1.  1.  1.  0.  1.]
 [ 1.  0.  1.  1.  1.  0.]]
Time 16.61 sec
Time 9.48 sec
Time 2.83 sec
{'l': [matrix([[  9.20046867e-03,   2.20747241e-03],
        [  4.71103383e-01,   1.67362993e-01],
        [  2.65811093e-03,   9.87874705e-01],
        [  5.95648375e-03,   2.92179587e-04],
        [  9.21834709e-01,   1.22732297e-02],
        [  2.31567616e-01,   1.37603196e-02]])], 'v': [matrix([[ 0.99671522,  0.00133048],
        [ 0.16630186,  0.61829366],
        [ 0.00295051,  0.0047938 ],
        [ 0.0467856 ,  0.98966026],
        [ 0.00824598,  0.08332569],
        [ 0.99000716,  0.17287044]])]}
Iteration #19 Log-ProbabilityF,Z: -334.558948 Log-Probability Total:-409.120971 Number of States:6
[[ 1.  0.  1.  0.  1.  0.]
 [ 1.  1.  0.  1.  0.  0.]
 [ 1.  1.  1.  1.  0.  0.]
 [ 1.  0.  1.  1.  1.  1.]
 [ 1.  1.  1.  1.  1.  1.]]
Time 16.87 sec
Time 8.17 sec
Time 3.45 sec
{'l': [matrix([[  6.24908702e-03,   6.47189806e-04],
        [  5.26342913e-01,   1.32731949e-02],
        [  1.95390115e-02,   9.95235207e-01],
        [  2.34586361e-02,   4.74253544e-04],
        [  9.95288259e-01,   1.27983887e-01]])], 'v': [matrix([[  9.99637341e-01,   9.25283952e-04],
        [  7.07535318e-01,   1.89565886e-01],
        [  5.14225928e-03,   3.39976182e-03],
        [  1.40740067e-01,   9.98286423e-01],
        [  3.02257714e-03,   8.24129281e-04]])]}
Iteration #20 Log-ProbabilityF,Z: -299.365003 Log-Probability Total:-366.606752 Number of States:5
[[ 1.  1.  1.  1.  1.]
 [ 1.  1.  1.  1.  1.]
 [ 1.  0.  1.  1.  1.]
 [ 1.  1.  1.  1.  1.]
 [ 1.  0.  0.  1.  1.]]
Time 12.98 sec
Time 5.82 sec
Time 1.05 sec
{'l': [matrix([[ 0.10417882,  0.14394514],
        [ 0.0182332 ,  0.92029972],
        [ 0.00289777,  0.00303447],
        [ 0.64415263,  0.17575634]])], 'v': [matrix([[ 0.84088271,  0.01125055],
        [ 0.03416923,  0.07074727],
        [ 0.28644181,  0.74152951],
        [ 0.24255822,  0.19466409]])]}
Iteration #21 Log-ProbabilityF,Z: -230.096749 Log-Probability Total:-521.587851 Number of States:4
[[ 1.  1.  0.  1.]
 [ 1.  0.  1.  1.]
 [ 1.  1.  1.  1.]
 [ 1.  1.  0.  1.]
 [ 1.  1.  1.  1.]]
Time 8.92 sec
Time 4.44 sec
Time 1.35 sec
{'l': [matrix([[  4.06772098e-02,   6.47686265e-02],
        [  6.29004246e-03,   9.97035758e-01],
        [  7.28920107e-05,   4.51637409e-03],
        [  6.95478743e-01,   6.00921274e-02],
        [  1.23922949e-01,   5.35655239e-01]])], 'v': [matrix([[  8.43094340e-01,   3.95200603e-04],
        [  2.54372891e-02,   8.88323635e-03],
        [  3.00341517e-01,   7.93411276e-01],
        [  1.81975599e-01,   4.72545986e-02],
        [  5.64827215e-01,   1.30708015e-02]])]}
Iteration #22 Log-ProbabilityF,Z: -244.237682 Log-Probability Total:-482.436406 Number of States:5
[[ 1.  1.  1.  1.  1.]
 [ 1.  1.  1.  0.  0.]
 [ 1.  1.  1.  0.  0.]
 [ 1.  1.  1.  0.  0.]
 [ 1.  1.  1.  1.  0.]]
Time 12.55 sec
Time 5.40 sec
Time 1.95 sec
{'l': [matrix([[ 0.03143403,  0.05521749],
        [ 0.00108004,  0.89800551],
        [ 0.04404846,  0.00683851],
        [ 0.79009777,  0.00930618]])], 'v': [matrix([[  8.68423089e-01,   3.52712247e-02],
        [  1.35269520e-03,   2.56862647e-04],
        [  1.30595468e-01,   9.27073958e-01],
        [  1.87222974e-01,   1.56128378e-01]])]}
Iteration #23 Log-ProbabilityF,Z: -245.243028 Log-Probability Total:-445.260117 Number of States:4
[[ 1.  1.  1.  1.]
 [ 1.  0.  1.  1.]
 [ 1.  1.  1.  1.]
 [ 1.  1.  0.  1.]
 [ 1.  0.  1.  1.]]
Time 8.25 sec
Time 6.80 sec
Time 1.20 sec
{'l': [matrix([[ 0.01194133,  0.00580172],
        [ 0.00441269,  0.99163452],
        [ 0.0148166 ,  0.00430176],
        [ 0.99603764,  0.01583647]])], 'v': [matrix([[ 0.96218087,  0.05534118],
        [ 0.01629246,  0.09356485],
        [ 0.1903041 ,  0.99057443],
        [ 0.01836666,  0.01370029]])]}
Iteration #24 Log-ProbabilityF,Z: -272.610634 Log-Probability Total:-381.063171 Number of States:4
[[ 1.  1.  0.  1.]
 [ 1.  1.  1.  1.]
 [ 1.  1.  1.  1.]
 [ 1.  1.  1.  1.]
 [ 1.  1.  1.  1.]]
Time 8.63 sec
Time 6.16 sec
Time 2.49 sec
{'l': [matrix([[  4.74559453e-04,   1.33647443e-02],
        [  6.90380230e-03,   9.93988937e-01],
        [  5.77275416e-02,   4.08924703e-03],
        [  9.99993568e-01,   5.36499667e-02]])], 'v': [matrix([[ 0.99639723,  0.00694305],
        [ 0.00224146,  0.01175622],
        [ 0.15449528,  0.96630464],
        [ 0.00735569,  0.01692309]])]}
Iteration #25 Log-ProbabilityF,Z: -286.964216 Log-Probability Total:-357.215008 Number of States:4
[[ 1.  1.  1.  1.]
 [ 1.  1.  1.  0.]
 [ 1.  1.  1.  1.]
 [ 1.  1.  1.  0.]
 [ 1.  1.  1.  1.]]
Time 10.94 sec
Time 6.79 sec
Time 1.39 sec
{'l': [matrix([[  7.96560122e-03,   9.93356723e-04],
        [  1.21892454e-02,   9.99551446e-01],
        [  9.50721304e-02,   1.85459538e-02],
        [  8.77004593e-01,   2.72853883e-03]])], 'v': [matrix([[ 0.98101727,  0.00848285],
        [ 0.00730694,  0.0017102 ],
        [ 0.25994202,  0.91897848],
        [ 0.08169851,  0.11554946]])]}
Iteration #26 Log-ProbabilityF,Z: -286.338452 Log-Probability Total:-353.611764 Number of States:4
[[ 1.  1.  1.  1.]
 [ 1.  1.  1.  1.]
 [ 1.  1.  1.  1.]
 [ 1.  1.  1.  1.]
 [ 1.  1.  1.  1.]]
Time 8.41 sec
Time 6.07 sec
Time 1.58 sec
{'l': [matrix([[  3.67203547e-03,   3.23272141e-04],
        [  7.29175872e-03,   9.94642994e-01],
        [  4.54382323e-03,   3.44973642e-03],
        [  9.46649668e-01,   1.28112827e-02]])], 'v': [matrix([[  9.84411499e-01,   6.46348526e-06],
        [  7.76509006e-03,   4.37118662e-03],
        [  6.67692030e-02,   9.48640822e-01],
        [  1.88082544e-02,   2.68128746e-03]])]}
Iteration #27 Log-ProbabilityF,Z: -286.440968 Log-Probability Total:-347.056286 Number of States:4
[[ 1.  1.  1.  1.]
 [ 1.  0.  1.  1.]
 [ 1.  1.  1.  1.]
 [ 1.  1.  1.  1.]
 [ 1.  0.  1.  1.]]
Time 10.91 sec
Time 6.38 sec
Time 1.76 sec
{'l': [matrix([[  9.00044923e-03,   3.61700721e-04],
        [  2.67786509e-02,   9.99422258e-01],
        [  3.80658289e-02,   1.48778420e-03],
        [  9.63346559e-01,   2.09134803e-03]])], 'v': [matrix([[ 0.99677678,  0.01842   ],
        [ 0.0154259 ,  0.01282591],
        [ 0.09443888,  0.99392231],
        [ 0.00974642,  0.10877279]])]}
Iteration #28 Log-ProbabilityF,Z: -287.301889 Log-Probability Total:-354.575201 Number of States:4
[[ 1.  1.  1.  1.]
 [ 1.  1.  1.  1.]
 [ 1.  1.  1.  1.]
 [ 1.  1.  1.  1.]
 [ 1.  1.  1.  1.]]
Time 10.59 sec
Time 6.25 sec
Time 1.23 sec
{'l': [matrix([[  3.85745949e-03,   9.21086132e-04],
        [  1.84286200e-03,   9.98903014e-01],
        [  9.73203552e-03,   1.46266566e-02],
        [  9.59441176e-01,   1.33639911e-02]])], 'v': [matrix([[  9.74499605e-01,   2.61261422e-02],
        [  3.23691618e-04,   2.11072246e-03],
        [  5.30479871e-02,   9.96638282e-01],
        [  2.43361242e-03,   1.04311663e-03]])]}
Iteration #29 Log-ProbabilityF,Z: -284.939438 Log-Probability Total:-348.411221 Number of States:4
[[ 1.  1.  1.  1.]
 [ 1.  1.  1.  1.]
 [ 1.  1.  1.  1.]
 [ 1.  1.  0.  1.]
 [ 1.  1.  1.  1.]]
Time 8.36 sec
Time 7.65 sec
Time 1.48 sec
{'l': [matrix([[  1.76097577e-02,   1.16605091e-04],
        [  1.64847846e-03,   9.88878501e-01],
        [  1.26503007e-03,   5.18344047e-06],
        [  9.15749573e-01,   7.15681583e-02],
        [  9.99787388e-01,   3.65444053e-02]])], 'v': [matrix([[  9.98003974e-01,   2.76484374e-02],
        [  4.67663320e-03,   3.45158528e-03],
        [  9.08930545e-02,   9.93007483e-01],
        [  2.81421092e-02,   5.97572139e-04],
        [  9.50590986e-01,   9.11423534e-01]])]}
Iteration #30 Log-ProbabilityF,Z: -294.831147 Log-Probability Total:-358.179084 Number of States:5
[[ 1.  1.  1.  1.  0.]
 [ 1.  1.  1.  1.  0.]
 [ 1.  1.  1.  1.  1.]
 [ 1.  1.  1.  1.  0.]
 [ 1.  1.  1.  1.  0.]]
Time 16.49 sec
Time 10.17 sec
Time 1.45 sec
{'l': [matrix([[  1.19222410e-02,   8.54343377e-03],
        [  4.14760775e-04,   9.85426479e-01],
        [  1.69180876e-02,   5.34685033e-04],
        [  9.64591557e-01,   8.29177510e-02],
        [  3.32842396e-01,   6.94645709e-02]])], 'v': [matrix([[ 0.99992265,  0.02111767],
        [ 0.02957815,  0.02779189],
        [ 0.23630998,  0.98664307],
        [ 0.03611821,  0.06576907],
        [ 0.51788641,  0.40807605]])]}
Iteration #31 Log-ProbabilityF,Z: -298.336078 Log-Probability Total:-357.027354 Number of States:5
[[ 1.  1.  1.  1.  0.]
 [ 1.  1.  1.  0.  1.]
 [ 1.  1.  1.  1.  0.]
 [ 1.  1.  1.  0.  1.]
 [ 1.  1.  1.  1.  0.]]
Time 9.89 sec
Time 5.29 sec
Time 3.64 sec
{'l': [matrix([[  5.54473640e-04,   1.18801984e-03],
        [  1.26774763e-02,   9.65881187e-01],
        [  1.69030944e-02,   2.29136991e-05],
        [  9.93308310e-01,   1.72212944e-02],
        [  8.64104259e-01,   1.18074112e-01],
        [  2.35137801e-01,   6.63079104e-01]])], 'v': [matrix([[ 0.99820062,  0.01669461],
        [ 0.00163545,  0.00835635],
        [ 0.09381093,  0.99272706],
        [ 0.05379106,  0.04444716],
        [ 0.92188776,  0.96087739],
        [ 0.19456189,  0.63243125]])]}
Iteration #32 Log-ProbabilityF,Z: -307.786683 Log-Probability Total:-367.410382 Number of States:6
[[ 1.  1.  0.  1.  0.  0.]
 [ 1.  1.  1.  1.  0.  1.]
 [ 1.  1.  1.  0.  0.  0.]
 [ 1.  1.  0.  1.  1.  0.]
 [ 1.  1.  1.  1.  0.  0.]]
Time 23.90 sec
Time 7.70 sec
Time 4.59 sec
{'l': [matrix([[  1.18631065e-02,   6.12013242e-04],
        [  7.14870460e-02,   9.98304486e-01],
        [  3.84242001e-02,   1.09471642e-02],
        [  8.20754610e-01,   2.25724733e-01],
        [  4.55009085e-01,   2.33118669e-01]])], 'v': [matrix([[  9.92038305e-01,   1.05535844e-03],
        [  4.71728038e-02,   8.09989221e-05],
        [  9.90489509e-02,   9.92838011e-01],
        [  1.07705680e-02,   6.99806780e-05],
        [  8.60589153e-01,   9.73625788e-01]])]}
Iteration #33 Log-ProbabilityF,Z: -298.320330 Log-Probability Total:-357.404803 Number of States:5
[[ 1.  1.  1.  1.  0.]
 [ 1.  1.  1.  0.  0.]
 [ 1.  1.  1.  1.  1.]
 [ 1.  1.  1.  0.  0.]
 [ 1.  1.  1.  1.  1.]]
Time 14.83 sec
Time 9.30 sec
Time 2.96 sec
{'l': [matrix([[  1.05457360e-02,   1.25813770e-03],
        [  7.17416052e-04,   9.97711695e-01],
        [  5.29872814e-02,   3.99567443e-03],
        [  9.58915540e-01,   9.14101119e-03],
        [  3.07689552e-03,   1.35166135e-02]])], 'v': [matrix([[ 0.98393826,  0.00506322],
        [ 0.00267512,  0.02009925],
        [ 0.18234261,  0.99230382],
        [ 0.03407554,  0.00607203],
        [ 0.77708508,  0.74149258]])]}
Iteration #34 Log-ProbabilityF,Z: -297.914865 Log-Probability Total:-356.999338 Number of States:5
[[ 1.  1.  1.  1.  1.]
 [ 1.  1.  1.  1.  1.]
 [ 1.  1.  1.  0.  1.]
 [ 1.  1.  1.  1.  1.]
 [ 1.  1.  1.  1.  1.]]
Time 14.31 sec
Time 7.55 sec
Time 1.42 sec
{'l': [matrix([[  7.92181800e-03,   5.15425524e-03],
        [  4.17253479e-03,   9.81542566e-01],
        [  1.57356274e-02,   1.63392215e-02],
        [  9.17941286e-01,   1.61337962e-02],
        [  3.21433789e-01,   5.60978030e-04]])], 'v': [matrix([[  9.99706090e-01,   4.42948759e-04],
        [  2.01393037e-02,   7.96769612e-03],
        [  6.18581333e-02,   9.93104902e-01],
        [  6.59859844e-02,   6.89504843e-02],
        [  3.79582363e-01,   7.00356319e-01]])]}
Iteration #35 Log-ProbabilityF,Z: -311.609626 Log-Probability Total:-372.590825 Number of States:5
[[ 1.  1.  1.  1.  1.]
 [ 1.  1.  1.  0.  1.]
 [ 1.  1.  1.  1.  1.]
 [ 1.  1.  1.  0.  1.]
 [ 1.  0.  1.  1.  1.]]
Time 14.30 sec
Time 7.41 sec
Time 4.58 sec
{'l': [matrix([[  3.54457980e-04,   1.36935449e-04],
        [  9.85447677e-03,   9.95110251e-01],
        [  3.54705773e-03,   3.47663725e-03],
        [  9.11038449e-01,   6.52270920e-02],
        [  1.06258806e-01,   3.02797310e-02]])], 'v': [matrix([[  9.96971214e-01,   1.01286338e-02],
        [  2.48578530e-02,   5.59741344e-02],
        [  4.07248219e-02,   9.93222849e-01],
        [  5.18272839e-02,   7.89455032e-04],
        [  9.93578511e-02,   9.55550023e-01]])]}
Iteration #36 Log-ProbabilityF,Z: -297.861430 Log-Probability Total:-361.829024 Number of States:5
[[ 1.  1.  1.  1.  0.]
 [ 1.  1.  1.  1.  0.]
 [ 1.  1.  1.  1.  0.]
 [ 1.  1.  1.  1.  0.]
 [ 1.  1.  1.  1.  1.]]
Time 10.35 sec
Time 6.81 sec
Time 1.48 sec
{'l': [matrix([[  2.13378428e-02,   6.82938634e-04],
        [  2.83021409e-02,   9.93035571e-01],
        [  8.69910165e-03,   1.74602332e-04],
        [  9.89468152e-01,   1.03932460e-04],
        [  3.18167393e-02,   1.29105783e-02]])], 'v': [matrix([[ 0.97426597,  0.00492287],
        [ 0.01377621,  0.02208148],
        [ 0.07300101,  0.99945346],
        [ 0.00149325,  0.00526906],
        [ 0.23955699,  0.91593606]])]}
Iteration #37 Log-ProbabilityF,Z: -298.211919 Log-Probability Total:-363.891815 Number of States:5
[[ 1.  1.  1.  1.  0.]
 [ 1.  0.  1.  1.  0.]
 [ 1.  1.  1.  1.  0.]
 [ 1.  1.  1.  1.  0.]
 [ 1.  1.  1.  1.  1.]]
Time 13.10 sec
Time 6.86 sec
Time 1.33 sec
{'l': [matrix([[ 0.00225234,  0.00634966],
        [ 0.00622802,  0.99764278],
        [ 0.00590811,  0.01495245],
        [ 0.99747701,  0.01644751],
        [ 0.35988778,  0.0018862 ]])], 'v': [matrix([[  9.99139625e-01,   4.35456028e-03],
        [  1.65696862e-03,   7.22270874e-04],
        [  7.88426876e-02,   9.92809507e-01],
        [  1.57334101e-03,   9.62189967e-03],
        [  3.86946924e-01,   9.86368167e-01]])]}
Iteration #38 Log-ProbabilityF,Z: -306.028917 Log-Probability Total:-367.432918 Number of States:5
[[ 1.  1.  1.  1.  0.]
 [ 1.  1.  1.  1.  0.]
 [ 1.  1.  1.  1.  1.]
 [ 1.  1.  0.  1.  1.]
 [ 1.  1.  1.  1.  0.]]
Time 13.81 sec
Time 7.61 sec
Time 3.51 sec
{'l': [matrix([[  8.64842741e-03,   6.14366123e-03],
        [  6.95214331e-02,   9.62811380e-01],
        [  1.69880445e-03,   1.29579858e-06],
        [  9.58039495e-01,   1.24204378e-01],
        [  9.25047989e-02,   3.13900205e-02]])], 'v': [matrix([[  9.99196638e-01,   6.16512644e-04],
        [  4.20789962e-03,   2.29309866e-02],
        [  1.27884742e-01,   9.78338336e-01],
        [  6.92610472e-05,   8.63072550e-02],
        [  6.30104843e-01,   9.33961922e-01]])]}
Iteration #39 Log-ProbabilityF,Z: -304.892260 Log-Probability Total:-372.857613 Number of States:5
[[ 1.  1.  0.  1.  1.]
 [ 1.  1.  1.  1.  1.]
 [ 1.  1.  1.  1.  1.]
 [ 1.  1.  1.  1.  0.]
 [ 1.  1.  1.  1.  1.]]
Time 12.90 sec
Time 4.29 sec
Time 2.38 sec
{'l': [matrix([[ 0.00935169,  0.00212723],
        [ 0.03785272,  0.95637044],
        [ 0.00166087,  0.00139557],
        [ 0.97313485,  0.15808724],
        [ 0.07203526,  0.34893884]])], 'v': [matrix([[ 0.99911663,  0.0015726 ],
        [ 0.05755156,  0.00544083],
        [ 0.20260815,  0.98150269],
        [ 0.00746916,  0.00199514],
        [ 0.98388611,  0.00928931]])]}
Iteration #40 Log-ProbabilityF,Z: -296.475640 Log-Probability Total:-363.463021 Number of States:5
[[ 1.  1.  1.  1.  1.]
 [ 1.  0.  1.  0.  0.]
 [ 1.  1.  1.  0.  0.]
 [ 1.  1.  0.  0.  0.]
 [ 1.  1.  1.  1.  0.]]
Time 8.34 sec
Time 6.26 sec
Time 1.23 sec
{'l': [matrix([[ 0.01023234,  0.00305785],
        [ 0.06491902,  0.99927887],
        [ 0.00978276,  0.02097033],
        [ 0.94439871,  0.01933267]])], 'v': [matrix([[  9.99727388e-01,   3.56667477e-04],
        [  7.41286824e-03,   4.81069486e-04],
        [  1.00155586e-01,   9.83688811e-01],
        [  2.85961184e-03,   4.91350120e-03]])]}
Iteration #41 Log-ProbabilityF,Z: -286.323184 Log-Probability Total:-346.938503 Number of States:4
[[ 1.  1.  0.  1.]
 [ 1.  1.  1.  1.]
 [ 1.  1.  1.  1.]
 [ 1.  1.  1.  1.]
 [ 1.  0.  1.  1.]]
Time 8.81 sec
Time 7.67 sec
Time 1.88 sec
{'l': [matrix([[  3.22658699e-03,   4.07819710e-04],
        [  1.26416778e-02,   9.96986376e-01],
        [  2.47743521e-02,   2.62110070e-02],
        [  9.80774138e-01,   4.39898073e-03]])], 'v': [matrix([[  9.99584218e-01,   9.89147028e-04],
        [  1.81121162e-03,   2.20160043e-03],
        [  1.44251759e-01,   9.98441693e-01],
        [  7.50014285e-04,   1.32675524e-02]])]}
Iteration #42 Log-ProbabilityF,Z: -286.035502 Log-Probability Total:-346.650821 Number of States:4
[[ 1.  1.  1.  1.]
 [ 1.  0.  1.  1.]
 [ 1.  1.  1.  1.]
 [ 1.  1.  1.  1.]
 [ 1.  1.  1.  1.]]
Time 11.39 sec
Time 2.34 sec
Time 1.43 sec
{'l': [matrix([[ 0.0024643 ,  0.01338425],
        [ 0.01060229,  0.95453348],
        [ 0.01571196,  0.00448857],
        [ 0.99670858,  0.01727766]])], 'v': [matrix([[ 0.99279456,  0.00292776],
        [ 0.04207228,  0.04674982],
        [ 0.07237875,  0.99469801],
        [ 0.02144547,  0.04142755]])]}
Iteration #43 Log-ProbabilityF,Z: -286.728650 Log-Probability Total:-347.343968 Number of States:4
[[ 1.  1.  0.  1.]
 [ 1.  1.  1.  0.]
 [ 1.  1.  1.  0.]
 [ 1.  1.  0.  0.]
 [ 1.  1.  1.  1.]]
Time 6.59 sec
Time 6.52 sec
Time 2.08 sec
{'l': [matrix([[  2.14633696e-03,   3.22201409e-03],
        [  5.77945849e-02,   9.82924900e-01],
        [  7.97807624e-05,   5.62817074e-03],
        [  9.90702229e-01,   6.94392207e-02],
        [  4.31253253e-01,   3.87617120e-03]])], 'v': [matrix([[  9.91923670e-01,   3.13504947e-03],
        [  3.31924908e-02,   2.79985109e-04],
        [  1.10404449e-01,   9.99029257e-01],
        [  2.88488739e-02,   2.49793406e-03],
        [  2.81002698e-01,   1.99109756e-01]])]}
Iteration #44 Log-ProbabilityF,Z: -296.949784 Log-Probability Total:-355.641060 Number of States:5
[[ 1.  1.  1.  1.  1.]
 [ 1.  0.  1.  1.  0.]
 [ 1.  1.  1.  1.  0.]
 [ 1.  1.  1.  1.  0.]
 [ 1.  0.  1.  1.  0.]]
Time 13.36 sec
Time 6.80 sec
Time 4.46 sec
{'l': [matrix([[  8.58354177e-04,   5.30178538e-03],
        [  4.03301484e-03,   9.99815990e-01],
        [  7.69345813e-03,   7.31453725e-03],
        [  9.93208607e-01,   2.18071173e-02],
        [  8.15178545e-01,   1.33840977e-04]])], 'v': [matrix([[  9.99245866e-01,   1.06574745e-04],
        [  6.72403162e-03,   2.08004285e-02],
        [  1.37600722e-01,   9.69948899e-01],
        [  1.28833995e-01,   9.49734833e-03],
        [  8.09314929e-01,   2.91646516e-01]])]}
Iteration #45 Log-ProbabilityF,Z: -299.136856 Log-Probability Total:-360.436475 Number of States:5
[[ 1.  1.  0.  1.  1.]
 [ 1.  1.  1.  1.  0.]
 [ 1.  1.  1.  1.  0.]
 [ 1.  1.  1.  1.  0.]
 [ 1.  1.  1.  1.  0.]]
Time 10.30 sec
Time 7.49 sec
Time 5.04 sec
{'l': [matrix([[ 0.00199883,  0.00819587],
        [ 0.01151464,  0.99008414],
        [ 0.03700757,  0.00113076],
        [ 0.96563416,  0.18368611],
        [ 0.19185697,  0.50486955]])], 'v': [matrix([[ 0.99976978,  0.0017908 ],
        [ 0.0208189 ,  0.01459229],
        [ 0.20927341,  0.99954844],
        [ 0.08433981,  0.11435791],
        [ 0.64860692,  0.69301658]])]}
Iteration #46 Log-ProbabilityF,Z: -299.388170 Log-Probability Total:-364.485152 Number of States:5
[[ 1.  1.  1.  1.  1.]
 [ 1.  1.  1.  1.  1.]
 [ 1.  1.  1.  0.  1.]
 [ 1.  1.  1.  1.  1.]
 [ 1.  1.  1.  1.  1.]]
Time 13.96 sec
Time 4.81 sec
Time 0.94 sec
{'l': [matrix([[  5.32202957e-03,   1.95101974e-03],
        [  7.49172367e-03,   9.98865692e-01],
        [  2.28358971e-03,   8.92932915e-04],
        [  9.42292861e-01,   2.21592208e-03]])], 'v': [matrix([[  9.97412862e-01,   2.12276187e-03],
        [  4.47041776e-02,   5.33307006e-03],
        [  1.60029070e-01,   9.99920177e-01],
        [  5.12476755e-04,   2.78419543e-01]])]}
Iteration #47 Log-ProbabilityF,Z: -288.279247 Log-Probability Total:-355.354946 Number of States:4
[[ 1.  1.  0.  1.]
 [ 1.  1.  1.  0.]
 [ 1.  1.  1.  1.]
 [ 1.  1.  0.  1.]
 [ 1.  1.  1.  1.]]
Time 6.24 sec
Time 5.65 sec
Time 1.07 sec
{'l': [matrix([[ 0.01111794,  0.00395784],
        [ 0.00393048,  0.97522314],
        [ 0.00836437,  0.020256  ],
        [ 0.99634536,  0.00584661]])], 'v': [matrix([[  9.91591232e-01,   8.40496079e-03],
        [  8.00296713e-03,   5.66041654e-03],
        [  7.61111997e-02,   9.96548188e-01],
        [  7.79408403e-04,   5.92728256e-02]])]}
Iteration #48 Log-ProbabilityF,Z: -284.939438 Log-Probability Total:-348.411221 Number of States:4
[[ 1.  1.  1.  1.]
 [ 1.  1.  1.  1.]
 [ 1.  1.  1.  1.]
 [ 1.  1.  1.  1.]
 [ 1.  0.  1.  1.]]
Time 6.78 sec
Time 1.99 sec
Time 2.89 sec
{'l': [matrix([[ 0.01123274,  0.00517274],
        [ 0.04813443,  0.98919486],
        [ 0.00225326,  0.02941076],
        [ 0.98451106,  0.00957529]])], 'v': [matrix([[ 0.99227693,  0.01981726],
        [ 0.02017989,  0.01547018],
        [ 0.09109916,  0.99848544],
        [ 0.03518592,  0.01669871]])]}
Iteration #49 Log-ProbabilityF,Z: -286.282057 Log-Probability Total:-349.753840 Number of States:4
[[ 1.  1.  0.  1.]
 [ 1.  0.  1.  1.]
 [ 1.  1.  1.  0.]
 [ 1.  1.  0.  1.]
 [ 1.  1.  1.  1.]]
Time 4.58 sec
Time 5.97 sec
Time 1.05 sec
{'l': [matrix([[ 0.0063527 ,  0.02156087],
        [ 0.00301505,  0.98795804],
        [ 0.02857202,  0.00234973],
        [ 0.93506304,  0.09118776]])], 'v': [matrix([[  9.96406794e-01,   2.18465521e-02],
        [  6.43415902e-03,   4.58779779e-05],
        [  1.00825766e-01,   9.98658779e-01],
        [  5.75326374e-04,   1.39321689e-01]])]}
Iteration #50 Log-ProbabilityF,Z: -284.895763 Log-Probability Total:-348.367546 Number of States:4
[[ 1.  1.  1.  1.]
 [ 1.  1.  1.  1.]
 [ 1.  1.  1.  1.]
 [ 1.  1.  1.  1.]
 [ 1.  1.  1.  1.]]
Time 7.10 sec
Time 5.83 sec
Time 1.21 sec
{'l': [matrix([[  3.37852144e-04,   2.39601041e-03],
        [  8.15441853e-02,   9.71618877e-01],
        [  6.36708349e-02,   8.11436122e-02],
        [  9.29341526e-01,   7.81686691e-02],
        [  6.17828840e-01,   6.36289158e-01]])], 'v': [matrix([[  9.99983905e-01,   5.56287620e-03],
        [  1.14598519e-04,   1.77618893e-03],
        [  7.80342801e-02,   9.94284826e-01],
        [  5.18586072e-03,   4.69032082e-02],
        [  2.19120358e-02,   2.80131794e-01]])]}
Iteration #51 Log-ProbabilityF,Z: -294.831147 Log-Probability Total:-358.179084 Number of States:5
[[ 1.  1.  1.  1.  0.]
 [ 1.  1.  1.  1.  0.]
 [ 1.  1.  1.  1.  0.]
 [ 1.  1.  1.  1.  1.]
 [ 1.  1.  1.  1.  0.]]
Time 10.70 sec
Time 4.64 sec
Time 2.36 sec
{'l': [matrix([[  9.45787607e-04,   3.14147356e-04],
        [  7.79717656e-03,   9.81075461e-01],
        [  1.09526854e-02,   2.86792774e-04],
        [  9.81600437e-01,   7.73255587e-04],
        [  7.80599173e-01,   6.69433149e-01]])], 'v': [matrix([[ 0.99998839,  0.0093856 ],
        [ 0.02684614,  0.0026564 ],
        [ 0.11887037,  0.99248501],
        [ 0.02045783,  0.0429699 ],
        [ 0.95949695,  0.51259337]])]}
Iteration #52 Log-ProbabilityF,Z: -295.512408 Log-Probability Total:-363.536896 Number of States:5
[[ 1.  1.  1.  1.  0.]
 [ 1.  1.  1.  1.  0.]
 [ 1.  1.  1.  1.  0.]
 [ 1.  1.  1.  1.  1.]
 [ 1.  1.  1.  1.  0.]]
Time 11.48 sec
Time 6.70 sec
Time 2.15 sec
{'l': [matrix([[  2.44148819e-02,   1.14873389e-06],
        [  2.05623142e-02,   9.94862884e-01],
        [  2.38036987e-02,   3.97431420e-02],
        [  9.92524514e-01,   4.20573617e-02],
        [  3.14661381e-01,   1.53830975e-01]])], 'v': [matrix([[  9.91458150e-01,   1.05956276e-02],
        [  2.61700250e-02,   1.59859943e-04],
        [  1.22297535e-01,   9.89117500e-01],
        [  2.06610877e-02,   2.90770437e-02],
        [  6.63687749e-01,   4.71426886e-01]])]}
Iteration #53 Log-ProbabilityF,Z: -299.853356 Log-Probability Total:-361.295355 Number of States:5
[[ 1.  1.  0.  1.  0.]
 [ 1.  1.  1.  1.  0.]
 [ 1.  1.  1.  1.  0.]
 [ 1.  1.  0.  1.  1.]
 [ 1.  0.  1.  1.  0.]]
Time 14.26 sec
Time 7.18 sec
Time 5.08 sec
{'l': [matrix([[  6.19590340e-03,   1.60542559e-04],
        [  3.35250654e-02,   9.87805110e-01],
        [  9.98293201e-05,   2.85262386e-02],
        [  9.45603121e-01,   4.24537924e-02],
        [  1.34281299e-01,   1.33372006e-03]])], 'v': [matrix([[ 0.99601338,  0.012561  ],
        [ 0.01130165,  0.00226837],
        [ 0.14172413,  0.97125914],
        [ 0.02427707,  0.00659347],
        [ 0.98713507,  0.22305118]])]}
Iteration #54 Log-ProbabilityF,Z: -305.592648 Log-Probability Total:-369.159974 Number of States:5
[[ 1.  1.  1.  1.  0.]
 [ 1.  1.  1.  1.  0.]
 [ 1.  1.  1.  1.  1.]
 [ 1.  1.  1.  1.  0.]
 [ 1.  1.  1.  1.  0.]]
Time 12.35 sec
Time 5.43 sec
Time 1.53 sec
{'l': [matrix([[  3.10901566e-02,   1.02303854e-02],
        [  4.98703144e-02,   9.48938019e-01],
        [  3.34970642e-04,   3.24207017e-03],
        [  9.81861576e-01,   1.10427890e-02]])], 'v': [matrix([[ 0.99563143,  0.0014105 ],
        [ 0.05883638,  0.01150968],
        [ 0.15762037,  0.97665645],
        [ 0.03232916,  0.11160956]])]}
Iteration #55 Log-ProbabilityF,Z: -287.016332 Log-Probability Total:-347.631650 Number of States:4
[[ 1.  1.  0.  1.]
 [ 1.  1.  1.  1.]
 [ 1.  1.  1.  1.]
 [ 1.  1.  1.  0.]
 [ 1.  0.  1.  1.]]
Time 7.47 sec
Time 6.03 sec
Time 1.06 sec
{'l': [matrix([[ 0.0013956 ,  0.00746969],
        [ 0.00487221,  0.99812225],
        [ 0.04762464,  0.00306938],
        [ 0.95780811,  0.08818125]])], 'v': [matrix([[ 0.99460379,  0.00112201],
        [ 0.0282014 ,  0.00309064],
        [ 0.09342072,  0.98428772],
        [ 0.00430814,  0.07071123]])]}
Iteration #56 Log-ProbabilityF,Z: -286.323184 Log-Probability Total:-346.938503 Number of States:4
[[ 1.  1.  1.  1.]
 [ 1.  0.  1.  0.]
 [ 1.  1.  1.  0.]
 [ 1.  1.  1.  0.]
 [ 1.  1.  1.  1.]]
Time 7.89 sec
Time 6.61 sec
Time 1.04 sec
{'l': [matrix([[  1.65250120e-02,   6.70117492e-04],
        [  1.50775012e-02,   9.33788772e-01],
        [  1.61253899e-03,   3.47443408e-02],
        [  9.92710303e-01,   3.30676170e-02]])], 'v': [matrix([[  9.67325228e-01,   2.26190498e-04],
        [  1.01341436e-02,   7.86442812e-03],
        [  1.21379582e-01,   9.88687215e-01],
        [  2.47620473e-02,   4.12003361e-02]])]}
Iteration #57 Log-ProbabilityF,Z: -286.440968 Log-Probability Total:-347.056286 Number of States:4
[[ 1.  1.  1.  1.]
 [ 1.  1.  1.  0.]
 [ 1.  1.  1.  0.]
 [ 1.  1.  1.  1.]
 [ 1.  1.  1.  1.]]
Time 8.17 sec
Time 6.54 sec
Time 1.05 sec
{'l': [matrix([[  4.94381987e-03,   7.15874603e-03],
        [  3.20710786e-02,   9.51173609e-01],
        [  4.09694692e-04,   1.57007949e-03],
        [  9.52540905e-01,   6.49460858e-02]])], 'v': [matrix([[  9.99563191e-01,   6.44609495e-05],
        [  7.64599450e-03,   4.98329167e-03],
        [  8.97615095e-02,   9.80510956e-01],
        [  2.43730928e-02,   7.25636546e-03]])]}
Iteration #58 Log-ProbabilityF,Z: -287.707355 Log-Probability Total:-354.980666 Number of States:4
[[ 1.  1.  0.  1.]
 [ 1.  1.  1.  1.]
 [ 1.  1.  1.  1.]
 [ 1.  1.  0.  1.]
 [ 1.  1.  1.  1.]]
Time 12.32 sec
Time 2.82 sec
Time 4.82 sec
{'l': [matrix([[  1.56894032e-04,   1.01454143e-02],
        [  1.58965287e-03,   9.91183780e-01],
        [  1.14444276e-02,   1.42223595e-02],
        [  9.63054239e-01,   2.06352917e-04]])], 'v': [matrix([[ 0.99644974,  0.00714764],
        [ 0.0127125 ,  0.03942397],
        [ 0.15469118,  0.98772019],
        [ 0.00138261,  0.07650156]])]}
Iteration #59 Log-ProbabilityF,Z: -286.440968 Log-Probability Total:-347.056286 Number of States:4
[[ 1.  1.  1.  1.]
 [ 1.  0.  1.  1.]
 [ 1.  1.  1.  1.]
 [ 1.  1.  1.  1.]
 [ 1.  0.  1.  1.]]
Time 8.27 sec
Time 5.52 sec
Time 1.71 sec
{'l': [matrix([[ 0.008171  ,  0.00143881],
        [ 0.00294417,  0.99643256],
        [ 0.00111284,  0.02905017],
        [ 0.98965787,  0.0167069 ],
        [ 0.35199588,  0.82803244]])], 'v': [matrix([[ 0.99973179,  0.00313987],
        [ 0.00122689,  0.02284859],
        [ 0.10178735,  0.91891439],
        [ 0.01785413,  0.00231843],
        [ 0.44096963,  0.32975995]])]}
Iteration #60 Log-ProbabilityF,Z: -298.206313 Log-Probability Total:-372.295891 Number of States:5
[[ 1.  1.  1.  1.  0.]
 [ 1.  1.  1.  0.  1.]
 [ 1.  1.  1.  0.  0.]
 [ 1.  1.  1.  0.  0.]
 [ 1.  1.  1.  1.  0.]]
Time 8.87 sec
Time 5.88 sec
Time 1.04 sec
{'l': [matrix([[  5.94318305e-03,   1.24241967e-03],
        [  2.50090358e-04,   9.96983740e-01],
        [  1.00600512e-02,   2.74023582e-02],
        [  9.99556457e-01,   5.19424719e-02],
        [  1.02430623e-01,   1.02834148e-01]])], 'v': [matrix([[ 0.98345833,  0.00488731],
        [ 0.02298181,  0.05361021],
        [ 0.0824623 ,  0.93776117],
        [ 0.03275471,  0.05090272],
        [ 0.50605904,  0.85680459]])]}
Iteration #61 Log-ProbabilityF,Z: -300.303454 Log-Probability Total:-365.652723 Number of States:5
[[ 1.  1.  1.  1.  0.]
 [ 1.  0.  1.  0.  1.]
 [ 1.  1.  1.  0.  0.]
 [ 1.  1.  1.  1.  1.]
 [ 1.  0.  1.  1.  0.]]
Time 12.87 sec
Time 6.10 sec
Time 3.34 sec
{'l': [matrix([[ 0.00101713,  0.0024329 ],
        [ 0.04599195,  0.99771525],
        [ 0.00221353,  0.00349027],
        [ 0.98638748,  0.00645174],
        [ 0.00107645,  0.00102558]])], 'v': [matrix([[  9.95535020e-01,   2.10759067e-02],
        [  5.63126598e-04,   4.57264239e-03],
        [  4.78488165e-02,   9.63623894e-01],
        [  2.28999721e-02,   7.83266335e-02],
        [  9.86696013e-01,   4.86392220e-01]])]}
Iteration #62 Log-ProbabilityF,Z: -304.232057 Log-Probability Total:-364.390118 Number of States:5
[[ 1.  1.  1.  1.  1.]
 [ 1.  1.  1.  1.  0.]
 [ 1.  1.  1.  1.  1.]
 [ 1.  1.  1.  1.  0.]
 [ 1.  1.  1.  1.  1.]]
Time 10.50 sec
Time 5.18 sec
Time 3.34 sec
{'l': [matrix([[  1.15134693e-04,   1.93789103e-02],
        [  1.55951783e-03,   9.38570870e-01],
        [  8.87630986e-03,   3.79808048e-03],
        [  9.99521640e-01,   6.78012690e-02],
        [  7.52452956e-03,   5.24054434e-03]])], 'v': [matrix([[ 0.99960763,  0.01932345],
        [ 0.00349168,  0.00310342],
        [ 0.0829393 ,  0.99853422],
        [ 0.04285292,  0.07539123],
        [ 0.6190953 ,  0.61354488]])]}
Iteration #63 Log-ProbabilityF,Z: -302.847781 Log-Probability Total:-368.160846 Number of States:5
[[ 1.  1.  1.  1.  0.]
 [ 1.  1.  1.  1.  0.]
 [ 1.  1.  1.  1.  1.]
 [ 1.  1.  1.  0.  1.]
 [ 1.  1.  1.  1.  1.]]
Time 9.77 sec
Time 6.60 sec
Time 1.52 sec
{'l': [matrix([[ 0.0015992 ,  0.00770964],
        [ 0.01052146,  0.99189233],
        [ 0.00105537,  0.00171592],
        [ 0.99494371,  0.0870917 ],
        [ 0.07015371,  0.07458876]])], 'v': [matrix([[ 0.99579677,  0.03686957],
        [ 0.00213078,  0.01296723],
        [ 0.01674671,  0.989801  ],
        [ 0.00217479,  0.00895553],
        [ 0.63981752,  0.54229689]])]}
Iteration #64 Log-ProbabilityF,Z: -308.470786 Log-Probability Total:-379.867126 Number of States:5
[[ 1.  1.  0.  1.  1.]
 [ 1.  1.  1.  0.  1.]
 [ 1.  1.  1.  0.  1.]
 [ 1.  1.  1.  1.  1.]
 [ 1.  1.  1.  1.  1.]]
Time 13.96 sec
Time 7.17 sec
Time 1.55 sec
{'l': [matrix([[  6.56190422e-03,   5.48852946e-03],
        [  6.64057069e-04,   9.52081954e-01],
        [  4.02957967e-03,   1.03649454e-01],
        [  9.88657094e-01,   2.34695759e-02],
        [  3.03989021e-02,   2.01907408e-02]])], 'v': [matrix([[  9.99296864e-01,   3.22708706e-04],
        [  1.55747269e-02,   2.86161214e-03],
        [  8.85404841e-03,   9.99273393e-01],
        [  2.50762332e-02,   1.07708466e-01],
        [  8.19113191e-01,   3.81561462e-01]])]}
Iteration #65 Log-ProbabilityF,Z: -316.330487 Log-Probability Total:-380.837226 Number of States:5
[[ 1.  1.  1.  1.  1.]
 [ 1.  1.  1.  1.  1.]
 [ 1.  1.  1.  1.  1.]
 [ 1.  1.  1.  0.  1.]
 [ 1.  1.  1.  1.  1.]]
Time 14.21 sec
Time 6.61 sec
Time 1.27 sec
{'l': [matrix([[ 0.00225521,  0.00624756],
        [ 0.02083481,  0.99332117],
        [ 0.01020192,  0.05657786],
        [ 0.9722011 ,  0.0011824 ],
        [ 0.08590326,  0.08715859]])], 'v': [matrix([[ 0.99894752,  0.00897475],
        [ 0.00874313,  0.01566086],
        [ 0.01443884,  0.9900642 ],
        [ 0.01609632,  0.00463841],
        [ 0.94462073,  0.19240858]])]}
Iteration #66 Log-ProbabilityF,Z: -316.356155 Log-Probability Total:-382.687182 Number of States:5
[[ 1.  1.  1.  1.  1.]
 [ 1.  1.  1.  0.  0.]
 [ 1.  1.  1.  0.  1.]
 [ 1.  1.  1.  1.  0.]
 [ 1.  1.  1.  1.  1.]]
Time 10.95 sec
Time 5.21 sec
Time 4.92 sec
{'l': [matrix([[  8.78456650e-03,   3.53962349e-03],
        [  3.16720582e-03,   9.99385746e-01],
        [  1.53270373e-02,   1.38476528e-02],
        [  9.92433997e-01,   1.42934115e-02],
        [  9.18650068e-05,   7.67413975e-02]])], 'v': [matrix([[  9.94629353e-01,   6.44069394e-03],
        [  3.66143278e-03,   1.90720678e-03],
        [  2.88369968e-06,   9.86455970e-01],
        [  9.32080394e-03,   5.80736817e-03],
        [  8.73039618e-01,   2.89202767e-01]])]}
Iteration #67 Log-ProbabilityF,Z: -317.700016 Log-Probability Total:-383.281437 Number of States:5
[[ 1.  1.  1.  1.  0.]
 [ 1.  1.  1.  1.  1.]
 [ 1.  1.  1.  1.  1.]
 [ 1.  1.  0.  1.  1.]
 [ 1.  0.  1.  1.  1.]]
Time 9.79 sec
Time 6.37 sec
Time 1.11 sec
{'l': [matrix([[  3.07030497e-03,   1.60182316e-05],
        [  1.95245913e-02,   9.64448490e-01],
        [  6.29550266e-02,   5.43170649e-03],
        [  9.96945218e-01,   1.18108203e-02],
        [  4.64286283e-02,   9.23521431e-02],
        [  7.25362496e-01,   5.34382817e-02]])], 'v': [matrix([[ 0.99625494,  0.0019397 ],
        [ 0.00403482,  0.00457369],
        [ 0.02057749,  0.99429382],
        [ 0.07762947,  0.04384861],
        [ 0.95939206,  0.67502795],
        [ 0.34435704,  0.28332504]])]}
Iteration #68 Log-ProbabilityF,Z: -334.829764 Log-Probability Total:-396.602269 Number of States:6
[[ 1.  1.  0.  1.  1.  0.]
 [ 1.  1.  1.  0.  0.  1.]
 [ 1.  1.  1.  0.  1.  0.]
 [ 1.  1.  1.  0.  0.  0.]
 [ 1.  1.  1.  1.  1.  0.]]
Time 18.50 sec
Time 8.91 sec
Time 3.59 sec
{'l': [matrix([[  3.24860855e-03,   1.81997816e-02],
        [  3.24895772e-02,   9.99485206e-01],
        [  3.11299724e-03,   3.93259350e-05],
        [  9.91389893e-01,   1.80195886e-01],
        [  6.93932421e-02,   3.61469051e-02],
        [  3.31049683e-01,   2.62154250e-01]])], 'v': [matrix([[  9.98767881e-01,   1.37011047e-04],
        [  5.50236632e-02,   3.62675581e-03],
        [  7.09436538e-03,   9.99959613e-01],
        [  1.31713316e-02,   8.70408923e-02],
        [  9.87310486e-01,   3.51219737e-01],
        [  6.21966997e-01,   3.90949573e-02]])]}
Iteration #69 Log-ProbabilityF,Z: -327.245308 Log-Probability Total:-381.850703 Number of States:6
[[ 1.  1.  1.  1.  0.  0.]
 [ 1.  0.  1.  1.  0.  1.]
 [ 1.  1.  1.  1.  1.  0.]
 [ 1.  1.  1.  1.  0.  0.]
 [ 1.  0.  1.  1.  1.  1.]]
Time 22.55 sec
Time 9.69 sec
Time 3.26 sec
{'l': [matrix([[  1.31487931e-02,   3.12715337e-04],
        [  9.69049008e-05,   9.91329127e-01],
        [  9.67573807e-03,   7.78314766e-03],
        [  9.57452331e-01,   4.30952483e-03],
        [  7.78846549e-03,   6.94995203e-03],
        [  4.54305224e-01,   6.30995446e-01]])], 'v': [matrix([[  9.96430260e-01,   1.70112935e-04],
        [  2.31579584e-02,   1.86744586e-02],
        [  1.44184081e-02,   9.45609734e-01],
        [  1.06120185e-02,   1.77578755e-02],
        [  9.41347487e-01,   3.58022223e-01],
        [  2.59027138e-01,   8.30736707e-01]])]}
Iteration #70 Log-ProbabilityF,Z: -336.419508 Log-Probability Total:-395.381548 Number of States:6
[[ 1.  1.  1.  1.  1.  1.]
 [ 1.  1.  1.  1.  1.  0.]
 [ 1.  1.  1.  0.  1.  1.]
 [ 1.  1.  1.  0.  1.  0.]
 [ 1.  1.  1.  1.  1.  0.]]
Time 22.09 sec
Time 4.27 sec
Time 1.72 sec
{'l': [matrix([[ 0.003539  ,  0.00449935],
        [ 0.00541192,  0.99828108],
        [ 0.03151414,  0.00175298],
        [ 0.97237488,  0.07431418],
        [ 0.00707253,  0.01286541],
        [ 0.86659276,  0.04733771]])], 'v': [matrix([[  9.99542695e-01,   9.87997910e-03],
        [  4.11467853e-02,   3.49834798e-04],
        [  1.80948758e-02,   9.94533581e-01],
        [  3.66488802e-02,   7.08594334e-02],
        [  9.99727780e-01,   3.78920000e-01],
        [  6.60929354e-01,   8.92121304e-01]])]}
Iteration #71 Log-ProbabilityF,Z: -334.488383 Log-Probability Total:-392.502028 Number of States:6
[[ 1.  1.  1.  1.  1.  0.]
 [ 1.  1.  1.  0.  0.  0.]
 [ 1.  1.  1.  0.  1.  1.]
 [ 1.  1.  0.  1.  0.  0.]
 [ 1.  0.  1.  1.  1.  0.]]
Time 14.54 sec
Time 6.55 sec
Time 3.69 sec
{'l': [matrix([[  7.08380317e-03,   5.69436769e-03],
        [  6.24378933e-03,   9.99656836e-01],
        [  8.61706898e-03,   1.66750304e-03],
        [  9.99866749e-01,   5.26266052e-02],
        [  4.81382684e-03,   2.21008248e-04],
        [  8.49908757e-01,   9.83849541e-01]])], 'v': [matrix([[  9.89927487e-01,   2.13627416e-02],
        [  4.20788823e-04,   4.11953920e-04],
        [  7.47420506e-02,   9.86256823e-01],
        [  3.34138545e-03,   1.92628549e-02],
        [  9.86372149e-01,   4.18422735e-01],
        [  8.43279897e-01,   2.40096642e-01]])]}
Iteration #72 Log-ProbabilityF,Z: -330.846006 Log-Probability Total:-385.656607 Number of States:6
[[ 1.  1.  0.  1.  0.  0.]
 [ 1.  1.  1.  1.  1.  0.]
 [ 1.  1.  1.  1.  1.  1.]
 [ 1.  1.  1.  0.  1.  1.]
 [ 1.  1.  1.  1.  1.  1.]]
Time 14.79 sec
Time 5.73 sec
Time 3.27 sec
{'l': [matrix([[  1.05393492e-02,   3.05041473e-03],
        [  2.97280222e-02,   9.93856240e-01],
        [  1.98442988e-03,   2.52958849e-02],
        [  9.80657131e-01,   5.50007066e-02],
        [  8.38476429e-03,   6.40836852e-04],
        [  1.63894913e-01,   1.52578589e-01]])], 'v': [matrix([[  9.98791292e-01,   1.42452659e-02],
        [  4.21672923e-04,   1.48379639e-02],
        [  5.02016099e-03,   9.89794441e-01],
        [  2.01674436e-02,   2.60509608e-03],
        [  8.05427551e-01,   5.21011102e-01],
        [  1.89101496e-01,   5.92248956e-02]])]}
Iteration #73 Log-ProbabilityF,Z: -323.703715 Log-Probability Total:-377.683153 Number of States:6
[[ 1.  1.  1.  1.  1.  1.]
 [ 1.  1.  1.  0.  0.  1.]
 [ 1.  1.  1.  0.  1.  1.]
 [ 1.  1.  0.  1.  0.  1.]
 [ 1.  0.  1.  1.  1.  1.]]
Time 16.23 sec
Time 5.83 sec
Time 2.79 sec
{'l': [matrix([[  3.41101491e-04,   1.29950794e-03],
        [  7.27947757e-03,   9.33897339e-01],
        [  2.86691311e-04,   7.67663978e-03],
        [  9.63253547e-01,   4.59203175e-02],
        [  4.52263895e-02,   9.40856363e-02],
        [  2.72019929e-02,   3.10962290e-01]])], 'v': [matrix([[ 0.98931611,  0.02196124],
        [ 0.00271832,  0.01798758],
        [ 0.00688323,  0.99736046],
        [ 0.05268845,  0.00141135],
        [ 0.96422419,  0.23499438],
        [ 0.89477668,  0.62612616]])]}
Iteration #74 Log-ProbabilityF,Z: -319.686588 Log-Probability Total:-377.903644 Number of States:6
[[ 1.  1.  0.  1.  0.  0.]
 [ 1.  0.  1.  1.  0.  0.]
 [ 1.  1.  1.  1.  1.  0.]
 [ 1.  1.  1.  1.  1.  0.]
 [ 1.  1.  1.  1.  1.  1.]]
Time 13.60 sec
Time 5.98 sec
Time 1.82 sec
{'l': [matrix([[ 0.00967606,  0.00487688],
        [ 0.0088897 ,  0.99441793],
        [ 0.00840224,  0.01206099],
        [ 0.96762122,  0.02409187],
        [ 0.11720585,  0.13622795],
        [ 0.10571657,  0.22891932]])], 'v': [matrix([[ 0.99988088,  0.00465654],
        [ 0.002135  ,  0.01445174],
        [ 0.03789921,  0.99946174],
        [ 0.03659789,  0.0020808 ],
        [ 0.78390713,  0.37838062],
        [ 0.93594587,  0.55366924]])]}
Iteration #75 Log-ProbabilityF,Z: -332.533724 Log-Probability Total:-398.484631 Number of States:6
[[ 1.  1.  1.  1.  0.  0.]
 [ 1.  1.  1.  1.  0.  0.]
 [ 1.  1.  1.  1.  1.  1.]
 [ 1.  1.  0.  0.  0.  0.]
 [ 1.  0.  1.  1.  0.  1.]]
Time 11.97 sec
Time 5.76 sec
Time 1.72 sec
{'l': [matrix([[  2.56662785e-03,   2.81618721e-03],
        [  3.95005467e-04,   9.98713903e-01],
        [  1.01294147e-02,   2.44367028e-02],
        [  9.45918676e-01,   1.74628323e-03],
        [  2.08112336e-03,   1.18363352e-01],
        [  1.62828782e-01,   2.11458882e-01]])], 'v': [matrix([[ 0.99966484,  0.01819315],
        [ 0.02984201,  0.01341365],
        [ 0.01588264,  0.99863508],
        [ 0.11400698,  0.03100792],
        [ 0.86393935,  0.65675183],
        [ 0.96399555,  0.71110272]])]}
Iteration #76 Log-ProbabilityF,Z: -322.391888 Log-Probability Total:-385.182344 Number of States:6
[[ 1.  1.  0.  1.  0.  1.]
 [ 1.  0.  1.  0.  0.  1.]
 [ 1.  1.  1.  0.  1.  0.]
 [ 1.  1.  1.  0.  0.  1.]
 [ 1.  1.  1.  1.  0.  1.]]
Time 13.40 sec
Time 6.07 sec
Time 2.22 sec
{'l': [matrix([[  4.73866243e-03,   6.82434822e-03],
        [  1.45802029e-04,   9.93486683e-01],
        [  8.49623062e-04,   1.21781103e-02],
        [  8.07271216e-01,   2.05887607e-02],
        [  9.68758649e-02,   4.38973693e-02],
        [  4.10226608e-02,   8.71778376e-02]])], 'v': [matrix([[ 0.99498833,  0.01775438],
        [ 0.03868259,  0.00117588],
        [ 0.00711533,  0.99316905],
        [ 0.00845761,  0.03120937],
        [ 0.60300729,  0.8880782 ],
        [ 0.67753004,  0.99199972]])]}
Iteration #77 Log-ProbabilityF,Z: -321.418102 Log-Probability Total:-378.917298 Number of States:6
[[ 1.  1.  1.  1.  0.  0.]
 [ 1.  1.  1.  0.  0.  0.]
 [ 1.  1.  1.  1.  1.  1.]
 [ 1.  1.  0.  1.  0.  0.]
 [ 1.  1.  1.  1.  0.  1.]]
Time 15.49 sec
Time 6.68 sec
Time 2.12 sec
{'l': [matrix([[  6.24655238e-03,   7.04275452e-04],
        [  9.14094567e-03,   9.10282743e-01],
        [  4.28071905e-02,   3.91357217e-04],
        [  9.60357278e-01,   2.19737974e-02],
        [  3.30323033e-02,   8.11983516e-02],
        [  2.88765425e-01,   2.02694386e-02]])], 'v': [matrix([[  9.91285795e-01,   2.97568999e-03],
        [  1.37455927e-03,   3.22781009e-03],
        [  9.49708779e-04,   9.99708494e-01],
        [  4.96601073e-02,   2.26644671e-02],
        [  8.08544415e-01,   7.56010315e-01],
        [  3.81167000e-01,   7.79428624e-01]])]}
Iteration #78 Log-ProbabilityF,Z: -333.262668 Log-Probability Total:-391.891608 Number of States:6
[[ 1.  1.  0.  1.  0.  1.]
 [ 1.  0.  1.  1.  0.  1.]
 [ 1.  1.  1.  1.  1.  0.]
 [ 1.  1.  1.  1.  0.  1.]
 [ 1.  0.  1.  1.  1.  1.]]
Time 17.95 sec
Time 8.22 sec
Time 3.11 sec
{'l': [matrix([[  3.54959662e-03,   2.79592462e-04],
        [  6.95287369e-03,   9.91725157e-01],
        [  7.85126322e-03,   1.29320227e-02],
        [  9.68171542e-01,   3.86607625e-03],
        [  9.07985985e-02,   2.81657720e-03],
        [  2.99818646e-01,   2.00934018e-01]])], 'v': [matrix([[ 0.99975528,  0.0038112 ],
        [ 0.00623128,  0.04436647],
        [ 0.00537413,  0.97446275],
        [ 0.09773377,  0.00139537],
        [ 0.45038246,  0.5573154 ],
        [ 0.68138452,  0.63317219]])]}
Iteration #79 Log-ProbabilityF,Z: -331.924858 Log-Probability Total:-394.120581 Number of States:6
[[ 1.  1.  1.  1.  1.  1.]
 [ 1.  1.  1.  1.  1.  0.]
 [ 1.  1.  1.  1.  1.  1.]
 [ 1.  1.  1.  1.  1.  0.]
 [ 1.  1.  1.  1.  1.  0.]]
Time 16.47 sec
Time 6.22 sec
Time 2.69 sec
{'l': [matrix([[  1.13452983e-03,   1.41445545e-02],
        [  5.52121285e-03,   9.43801475e-01],
        [  1.77457662e-04,   2.01394360e-02],
        [  9.98257683e-01,   7.35148187e-02],
        [  4.29135869e-02,   1.62526181e-02],
        [  6.58231791e-01,   3.38511981e-01],
        [  1.04318474e-01,   9.51837138e-01]])], 'v': [matrix([[  9.98224105e-01,   1.71092962e-02],
        [  6.01031204e-04,   3.14991169e-03],
        [  3.44536670e-03,   9.62079711e-01],
        [  1.15965698e-02,   6.13798974e-02],
        [  5.90068182e-01,   6.46646665e-01],
        [  6.90614142e-01,   7.10550978e-01],
        [  7.26798648e-01,   5.09591342e-01]])]}
Iteration #80 Log-ProbabilityF,Z: -345.764689 Log-Probability Total:-409.944722 Number of States:7
[[ 1.  1.  1.  1.  1.  0.  0.]
 [ 1.  0.  1.  1.  1.  0.  0.]
 [ 1.  1.  1.  0.  1.  1.  0.]
 [ 1.  1.  1.  0.  1.  0.  1.]
 [ 1.  0.  1.  1.  1.  1.  0.]]
Time 25.69 sec
Time 11.20 sec
Time 4.96 sec
{'l': [matrix([[ 0.00790188,  0.01591494],
        [ 0.01674744,  0.99388309],
        [ 0.06184885,  0.00840038],
        [ 0.96816313,  0.04620162],
        [ 0.08885476,  0.01801451],
        [ 0.00215204,  0.27764315],
        [ 0.45257293,  0.00485315]])], 'v': [matrix([[ 0.99873129,  0.00311169],
        [ 0.02434892,  0.00583488],
        [ 0.01756557,  0.99608915],
        [ 0.02558332,  0.00705185],
        [ 0.33389866,  0.87178929],
        [ 0.44887385,  0.2679579 ],
        [ 0.14528498,  0.91879733]])]}
Iteration #81 Log-ProbabilityF,Z: -344.427540 Log-Probability Total:-402.556291 Number of States:7
[[ 1.  1.  1.  1.  1.  0.  0.]
 [ 1.  1.  1.  0.  1.  0.  0.]
 [ 1.  1.  1.  1.  1.  0.  0.]
 [ 1.  1.  1.  1.  0.  0.  1.]
 [ 1.  1.  1.  1.  1.  1.  1.]]
Time 37.21 sec
Time 14.54 sec
Time 6.69 sec
{'l': [matrix([[  3.36605663e-05,   5.36395635e-04],
        [  1.23901059e-03,   9.94279168e-01],
        [  1.67936731e-02,   8.53777649e-03],
        [  9.41487751e-01,   4.18941849e-02],
        [  2.41994799e-03,   4.19182663e-02],
        [  3.35915682e-01,   3.19799172e-01],
        [  9.92687868e-02,   2.71471468e-01]])], 'v': [matrix([[  9.91977445e-01,   3.86275279e-03],
        [  3.34427953e-02,   5.53298145e-03],
        [  3.46900460e-03,   9.74803386e-01],
        [  6.62217127e-04,   1.25231036e-03],
        [  2.80316017e-01,   9.08023660e-01],
        [  7.63471462e-01,   7.94342297e-01],
        [  7.47999285e-01,   9.62637064e-01]])]}
Iteration #82 Log-ProbabilityF,Z: -351.306017 Log-Probability Total:-414.750067 Number of States:7
[[ 1.  1.  1.  1.  1.  0.  1.]
 [ 1.  1.  1.  1.  0.  0.  1.]
 [ 1.  1.  1.  0.  1.  0.  1.]
 [ 1.  1.  1.  1.  1.  0.  1.]
 [ 1.  1.  1.  1.  0.  1.  1.]]
Time 34.97 sec
Time 12.58 sec
Time 2.88 sec
{'l': [matrix([[  2.37906954e-03,   8.93464954e-03],
        [  4.09303059e-03,   9.99368503e-01],
        [  3.37327359e-02,   2.60389834e-04],
        [  8.98374400e-01,   1.41460016e-01],
        [  2.80495153e-02,   9.92386614e-01],
        [  7.03951009e-01,   4.04358145e-01],
        [  9.99045700e-04,   2.40003637e-03]])], 'v': [matrix([[ 0.99995673,  0.02912806],
        [ 0.00192462,  0.00375184],
        [ 0.01810958,  0.95615268],
        [ 0.03686217,  0.00297283],
        [ 0.21584366,  0.97638735],
        [ 0.43222158,  0.92804228],
        [ 0.71713128,  0.96372603]])]}
Iteration #83 Log-ProbabilityF,Z: -329.040007 Log-Probability Total:-389.517361 Number of States:7
[[ 1.  1.  1.  1.  0.  0.  1.]
 [ 1.  0.  1.  0.  0.  1.  1.]
 [ 1.  1.  1.  1.  0.  0.  1.]
 [ 1.  1.  1.  0.  1.  1.  1.]
 [ 1.  1.  1.  1.  0.  0.  1.]]
Time 36.48 sec
Time 10.62 sec
Time 6.00 sec
{'l': [matrix([[  1.15318484e-03,   1.85185821e-03],
        [  6.21324214e-03,   9.58969343e-01],
        [  7.12918072e-03,   2.19814336e-03],
        [  9.46539850e-01,   9.47219691e-04],
        [  9.96881807e-01,   9.85591273e-01],
        [  9.58365620e-01,   4.10631978e-02],
        [  4.65382774e-02,   6.45803125e-02]])], 'v': [matrix([[ 0.9883827 ,  0.00657131],
        [ 0.01495071,  0.01704373],
        [ 0.00290871,  0.99100555],
        [ 0.03302761,  0.12564467],
        [ 0.6801996 ,  0.20235944],
        [ 0.65059961,  0.54460404],
        [ 0.87699028,  0.6906086 ]])]}
Iteration #84 Log-ProbabilityF,Z: -333.374451 Log-Probability Total:-378.902421 Number of States:7
[[ 1.  1.  0.  1.  0.  0.  1.]
 [ 1.  1.  1.  1.  0.  0.  1.]
 [ 1.  1.  1.  1.  0.  0.  1.]
 [ 1.  1.  1.  1.  1.  1.  0.]
 [ 1.  1.  1.  1.  0.  0.  1.]]
Time 31.61 sec
Time 6.85 sec
Time 3.08 sec
{'l': [matrix([[  2.63131097e-03,   1.10218283e-04],
        [  1.43269921e-02,   9.91992196e-01],
        [  1.37361184e-02,   3.01914724e-03],
        [  9.96187629e-01,   5.50584452e-02],
        [  1.66184028e-01,   2.19419888e-01],
        [  2.75690821e-01,   9.27917267e-01],
        [  6.08134005e-02,   3.87458902e-02]])], 'v': [matrix([[ 0.98712334,  0.00725987],
        [ 0.0167734 ,  0.00239085],
        [ 0.00617852,  0.98255613],
        [ 0.01359056,  0.01181985],
        [ 0.13657045,  0.28448882],
        [ 0.45043597,  0.98998173],
        [ 0.8162281 ,  0.35360244]])]}
Iteration #85 Log-ProbabilityF,Z: -334.134356 Log-Probability Total:-384.567818 Number of States:7
[[ 1.  1.  1.  1.  0.  0.  0.]
 [ 1.  1.  1.  1.  0.  0.  0.]
 [ 1.  1.  1.  1.  1.  1.  1.]
 [ 1.  1.  1.  1.  0.  0.  0.]
 [ 1.  1.  1.  1.  0.  0.  1.]]
Time 18.64 sec
Time 6.25 sec
Time 2.90 sec
{'l': [matrix([[ 0.00532879,  0.00134379],
        [ 0.00119726,  0.98064038],
        [ 0.00331642,  0.00737616],
        [ 0.99949594,  0.00459469],
        [ 0.3975519 ,  0.13830557],
        [ 0.78162853,  0.94791608],
        [ 0.11580878,  0.06364922]])], 'v': [matrix([[ 0.99998835,  0.00318034],
        [ 0.01487294,  0.03371286],
        [ 0.00130304,  0.99999752],
        [ 0.03859236,  0.00980861],
        [ 0.57622788,  0.51713054],
        [ 0.61889316,  0.05429243],
        [ 0.78089342,  0.79610209]])]}
Iteration #86 Log-ProbabilityF,Z: -343.172305 Log-Probability Total:-399.509272 Number of States:7
[[ 1.  1.  0.  1.  0.  1.  0.]
 [ 1.  1.  1.  0.  0.  1.  0.]
 [ 1.  1.  1.  0.  1.  0.  1.]
 [ 1.  1.  0.  0.  1.  1.  0.]
 [ 1.  0.  1.  1.  1.  1.  1.]]
Time 22.94 sec
Time 9.23 sec
Time 3.71 sec
{'l': [matrix([[  8.02570068e-04,   4.80828747e-03],
        [  3.09765126e-02,   9.99755054e-01],
        [  7.52202651e-04,   6.01315019e-03],
        [  9.67101076e-01,   1.01030357e-01],
        [  8.01592667e-01,   1.42491081e-01],
        [  2.42497311e-01,   7.08780145e-01],
        [  2.96999933e-01,   8.16562841e-02]])], 'v': [matrix([[ 0.99738109,  0.00640135],
        [ 0.02094878,  0.00691115],
        [ 0.10603728,  0.99864759],
        [ 0.04366063,  0.10216042],
        [ 0.70928266,  0.21263693],
        [ 0.90588766,  0.96745116],
        [ 0.53546128,  0.54982841]])]}
Iteration #87 Log-ProbabilityF,Z: -343.623481 Log-Probability Total:-409.268715 Number of States:7
[[ 1.  1.  1.  1.  1.  1.  0.]
 [ 1.  0.  1.  1.  1.  0.  1.]
 [ 1.  1.  1.  1.  1.  1.  1.]
 [ 1.  1.  1.  1.  1.  0.  1.]
 [ 1.  1.  1.  1.  0.  0.  1.]]
Time 25.76 sec
Time 7.82 sec
Time 3.33 sec
{'l': [matrix([[  7.13981666e-03,   3.81739813e-03],
        [  8.79469023e-03,   9.99930790e-01],
        [  2.57995098e-02,   1.05561521e-04],
        [  9.24085806e-01,   5.96031147e-03],
        [  5.08635582e-01,   2.55288201e-01],
        [  6.44923135e-01,   7.79768861e-01]])], 'v': [matrix([[  9.98210904e-01,   3.23417851e-04],
        [  4.63813912e-02,   9.78409467e-04],
        [  1.52198261e-01,   9.97282692e-01],
        [  5.97456069e-02,   1.31393001e-01],
        [  8.10376382e-01,   6.05661226e-01],
        [  7.08431878e-02,   8.39938802e-02]])]}
Iteration #88 Log-ProbabilityF,Z: -309.701195 Log-Probability Total:-366.468429 Number of States:6
[[ 1.  1.  1.  1.  0.  1.]
 [ 1.  1.  1.  1.  0.  1.]
 [ 1.  1.  1.  1.  1.  0.]
 [ 1.  1.  1.  0.  1.  0.]
 [ 1.  1.  1.  1.  1.  0.]]
Time 19.12 sec
Time 8.07 sec
Time 5.53 sec
{'l': [matrix([[ 0.01161451,  0.00189984],
        [ 0.00111705,  0.98550087],
        [ 0.00140248,  0.0041323 ],
        [ 0.98484359,  0.14660113],
        [ 0.67256448,  0.00795144],
        [ 0.0053005 ,  0.20105693],
        [ 0.11182146,  0.06133238]])], 'v': [matrix([[ 0.99998104,  0.00155534],
        [ 0.00497449,  0.00316951],
        [ 0.18955354,  0.99591859],
        [ 0.0365143 ,  0.02341428],
        [ 0.91590118,  0.53433986],
        [ 0.41300931,  0.59834226],
        [ 0.69468083,  0.94245738]])]}
Iteration #89 Log-ProbabilityF,Z: -317.661342 Log-Probability Total:-372.504534 Number of States:7
[[ 1.  1.  1.  1.  1.  0.  1.]
 [ 1.  1.  1.  1.  1.  1.  0.]
 [ 1.  1.  1.  1.  1.  0.  0.]
 [ 1.  1.  1.  1.  1.  0.  0.]
 [ 1.  1.  1.  1.  1.  0.  0.]]
Time 22.42 sec
Time 9.94 sec
Time 2.40 sec
{'l': [matrix([[  1.34455236e-04,   3.60282596e-03],
        [  5.53329146e-04,   9.57162412e-01],
        [  1.67417072e-02,   4.73490438e-03],
        [  9.92849519e-01,   1.94075023e-03],
        [  9.07098027e-01,   9.80804680e-01],
        [  5.29428288e-01,   9.95786886e-01],
        [  5.84402493e-02,   1.51983492e-01]])], 'v': [matrix([[  9.97952629e-01,   1.72801395e-03],
        [  3.97949776e-03,   1.54926910e-02],
        [  5.95918151e-02,   9.95023516e-01],
        [  4.25970864e-03,   9.71147822e-04],
        [  1.27672273e-01,   4.65148186e-01],
        [  1.84010351e-01,   4.76287248e-01],
        [  5.44059194e-01,   8.50942948e-01]])]}
Iteration #90 Log-ProbabilityF,Z: -319.029287 Log-Probability Total:-374.265676 Number of States:7
[[ 1.  1.  1.  1.  0.  0.  1.]
 [ 1.  1.  1.  1.  0.  1.  0.]
 [ 1.  1.  1.  1.  0.  0.  0.]
 [ 1.  1.  0.  1.  0.  0.  0.]
 [ 1.  1.  1.  1.  1.  1.  1.]]
Time 22.66 sec
Time 6.99 sec
Time 2.27 sec
{'l': [matrix([[ 0.00367266,  0.01139944],
        [ 0.0189959 ,  0.99392125],
        [ 0.01193698,  0.00424057],
        [ 0.94755349,  0.06021561],
        [ 0.01882082,  0.62048604],
        [ 0.30515043,  0.5975467 ],
        [ 0.06964248,  0.16512446]])], 'v': [matrix([[ 0.99999971,  0.00214228],
        [ 0.00649031,  0.01382879],
        [ 0.01870615,  0.9557461 ],
        [ 0.06340961,  0.00193895],
        [ 0.99926657,  0.22949989],
        [ 0.89358106,  0.68153597],
        [ 0.64098008,  0.6109191 ]])]}
Iteration #91 Log-ProbabilityF,Z: -326.896948 Log-Probability Total:-379.154462 Number of States:7
[[ 1.  1.  0.  1.  0.  0.  0.]
 [ 1.  1.  1.  0.  1.  0.  0.]
 [ 1.  1.  1.  1.  1.  0.  1.]
 [ 1.  1.  1.  0.  1.  0.  0.]
 [ 1.  1.  1.  1.  0.  1.  1.]]
Time 21.89 sec
Time 14.61 sec
Time 4.07 sec
{'l': [matrix([[ 0.0085774 ,  0.00589241],
        [ 0.0230292 ,  0.92902312],
        [ 0.02642944,  0.01423496],
        [ 0.99918029,  0.00490255],
        [ 0.84568146,  0.77837208],
        [ 0.36375397,  0.0390326 ],
        [ 0.03357064,  0.03677317]])], 'v': [matrix([[ 0.99604856,  0.00316451],
        [ 0.02761786,  0.00235654],
        [ 0.0034414 ,  0.99967418],
        [ 0.1425939 ,  0.00609086],
        [ 0.98616583,  0.72450023],
        [ 0.68665003,  0.20266867],
        [ 0.72214229,  0.34956758]])]}
Iteration #92 Log-ProbabilityF,Z: -350.485091 Log-Probability Total:-426.731866 Number of States:7
[[ 1.  1.  1.  1.  1.  1.  1.]
 [ 1.  1.  1.  1.  1.  1.  1.]
 [ 1.  1.  1.  1.  0.  1.  1.]
 [ 1.  1.  1.  1.  0.  1.  1.]
 [ 1.  0.  1.  1.  0.  1.  1.]]
Time 30.64 sec
Time 10.12 sec
Time 3.17 sec
{'l': [matrix([[  5.27659110e-05,   1.75088349e-03],
        [  1.84803862e-02,   9.92028423e-01],
        [  1.41142871e-02,   1.09383479e-02],
        [  8.90442864e-01,   8.61902651e-03],
        [  5.78007648e-01,   1.97931149e-02],
        [  2.02864049e-01,   1.64005154e-01]])], 'v': [matrix([[ 0.99838832,  0.01744398],
        [ 0.02110304,  0.00175741],
        [ 0.00151546,  0.96125518],
        [ 0.03654822,  0.00267373],
        [ 0.00289645,  0.00313321],
        [ 0.7760825 ,  0.32147775]])]}
Iteration #93 Log-ProbabilityF,Z: -307.632658 Log-Probability Total:-375.325925 Number of States:6
[[ 1.  1.  0.  1.  0.  1.]
 [ 1.  1.  1.  1.  1.  1.]
 [ 1.  1.  1.  1.  0.  1.]
 [ 1.  1.  1.  1.  0.  0.]
 [ 1.  1.  1.  1.  0.  1.]]
Time 14.82 sec
Time 4.64 sec
Time 2.46 sec
{'l': [matrix([[ 0.00885795,  0.0028879 ],
        [ 0.00505303,  0.97746601],
        [ 0.01640775,  0.0066519 ],
        [ 0.99035359,  0.02941237],
        [ 0.07114476,  0.65700393],
        [ 0.03685139,  0.03370749]])], 'v': [matrix([[  9.99499043e-01,   2.64440670e-02],
        [  3.06516091e-02,   5.56679534e-03],
        [  1.20832619e-02,   9.81497690e-01],
        [  4.22765952e-02,   3.00428951e-03],
        [  8.87431885e-04,   3.91456639e-01],
        [  8.70001069e-01,   7.12448697e-01]])]}
Iteration #94 Log-ProbabilityF,Z: -319.802394 Log-Probability Total:-389.362427 Number of States:6
[[ 1.  1.  1.  1.  0.  0.]
 [ 1.  0.  1.  1.  1.  0.]
 [ 1.  1.  1.  0.  0.  0.]
 [ 1.  1.  1.  0.  0.  0.]
 [ 1.  1.  1.  1.  0.  1.]]
Time 17.05 sec
Time 5.14 sec
Time 2.12 sec
{'l': [matrix([[ 0.0025174 ,  0.00768104],
        [ 0.00259848,  0.97657968],
        [ 0.01353324,  0.01619317],
        [ 0.91056423,  0.02056398],
        [ 0.39130964,  0.72660343],
        [ 0.60056973,  0.50541704]])], 'v': [matrix([[ 0.99980929,  0.03569079],
        [ 0.02680929,  0.00396466],
        [ 0.00556824,  0.98017156],
        [ 0.07580239,  0.02418672],
        [ 0.45214293,  0.06398336],
        [ 0.36249356,  0.59463793]])]}
Iteration #95 Log-ProbabilityF,Z: -307.069632 Log-Probability Total:-368.352909 Number of States:6
[[ 1.  1.  0.  1.  0.  0.]
 [ 1.  1.  1.  0.  1.  0.]
 [ 1.  1.  1.  1.  1.  1.]
 [ 1.  1.  0.  1.  1.  0.]
 [ 1.  1.  1.  1.  1.  0.]]
Time 17.20 sec
Time 5.32 sec
Time 5.28 sec
{'l': [matrix([[  8.14451755e-07,   2.15921869e-03],
        [  2.60783369e-03,   9.90444110e-01],
        [  3.64687649e-03,   1.90653634e-02],
        [  9.96049498e-01,   1.20293054e-01],
        [  1.23474659e-02,   5.49412743e-01],
        [  2.56183260e-03,   7.19210029e-01]])], 'v': [matrix([[ 0.99487052,  0.06805065],
        [ 0.01034396,  0.00843046],
        [ 0.00208034,  0.97814423],
        [ 0.03128549,  0.00143481],
        [ 0.78448633,  0.35246332],
        [ 0.04750166,  0.21464041]])]}
Iteration #96 Log-ProbabilityF,Z: -307.358096 Log-Probability Total:-374.843753 Number of States:6
[[ 1.  1.  1.  1.  1.  0.]
 [ 1.  1.  1.  1.  1.  0.]
 [ 1.  1.  1.  0.  1.  1.]
 [ 1.  1.  1.  0.  1.  0.]
 [ 1.  1.  1.  1.  1.  0.]]
Time 18.67 sec
Time 8.00 sec
Time 2.35 sec
{'l': [matrix([[  7.40060699e-04,   3.35338142e-03],
        [  2.71489408e-02,   9.98625606e-01],
        [  2.07357903e-03,   1.50315565e-02],
        [  9.56794737e-01,   8.85053948e-03],
        [  7.65213914e-01,   3.98850432e-01],
        [  4.88075212e-01,   7.99704328e-01]])], 'v': [matrix([[  9.95134890e-01,   7.50390231e-02],
        [  2.20116578e-03,   2.19447414e-02],
        [  5.16348993e-04,   9.40322781e-01],
        [  2.71838266e-03,   4.45692531e-02],
        [  4.51995755e-01,   6.09589333e-01],
        [  1.13207630e-01,   4.64912278e-01]])]}
Iteration #97 Log-ProbabilityF,Z: -311.729199 Log-Probability Total:-380.164706 Number of States:6
[[ 1.  1.  1.  1.  0.  1.]
 [ 1.  1.  1.  0.  0.  1.]
 [ 1.  1.  1.  1.  0.  0.]
 [ 1.  1.  1.  1.  0.  1.]
 [ 1.  1.  1.  1.  1.  1.]]
Time 16.08 sec
Time 6.00 sec
Time 2.90 sec
{'l': [matrix([[ 0.00314563,  0.00309344],
        [ 0.00176964,  0.99954398],
        [ 0.00190759,  0.02952411],
        [ 0.98498339,  0.03393853],
        [ 0.74460964,  0.26210902],
        [ 0.82775128,  0.476533  ]])], 'v': [matrix([[ 0.99704272,  0.05083362],
        [ 0.01445567,  0.00580264],
        [ 0.00367485,  0.99115618],
        [ 0.00493488,  0.05828516],
        [ 0.46776887,  0.5178817 ],
        [ 0.73502779,  0.83703285]])]}
Iteration #98 Log-ProbabilityF,Z: -303.401252 Log-Probability Total:-365.087959 Number of States:6
[[ 1.  1.  0.  1.  1.  0.]
 [ 1.  1.  1.  1.  0.  0.]
 [ 1.  1.  1.  1.  1.  1.]
 [ 1.  1.  1.  1.  1.  0.]
 [ 1.  0.  1.  1.  0.  0.]]
Time 18.55 sec
Time 2.89 sec
Time 0.96 sec
{'l': [matrix([[  5.43942630e-03,   3.28091373e-03],
        [  1.19881372e-02,   9.89535809e-01],
        [  9.81226829e-04,   5.06511895e-03],
        [  9.96743770e-01,   5.69904332e-02],
        [  3.19093116e-02,   5.23396496e-01]])], 'v': [matrix([[ 0.99994117,  0.04016024],
        [ 0.0261874 ,  0.01164965],
        [ 0.01212545,  0.98805815],
        [ 0.0363415 ,  0.00869632],
        [ 0.11437687,  0.55810524]])]}
Iteration #99 Log-ProbabilityF,Z: -293.069362 Log-Probability Total:-356.680112 Number of States:5
[[ 1.  1.  1.  1.  0.]
 [ 1.  0.  1.  0.  0.]
 [ 1.  1.  1.  0.  1.]
 [ 1.  1.  1.  0.  0.]
 [ 1.  1.  1.  1.  1.]]
Time 17.30 sec
Time 5.89 sec
Time 2.78 sec
{'l': [matrix([[  6.43173142e-03,   4.81022972e-03],
        [  2.19443278e-04,   9.88799293e-01],
        [  3.29078176e-03,   1.27606204e-04],
        [  9.41384112e-01,   5.17197175e-02],
        [  9.84258954e-01,   7.06633905e-01],
        [  2.92404116e-02,   8.60982808e-01]])], 'v': [matrix([[ 0.99650671,  0.06271104],
        [ 0.00683443,  0.005513  ],
        [ 0.02527189,  0.99577988],
        [ 0.00274327,  0.01836266],
        [ 0.63469016,  0.48272852],
        [ 0.17729058,  0.91031921]])]}
