GT: [[1 1 1 0]
 [0 0 1 1]
 [0 1 1 1]
 [0 1 1 0]
 [1 0 1 1]]
GT: {'l': [array([[ 0.9,  0.1],
       [ 0.1,  0.9],
       [ 0.1,  0.1],
       [ 0.1,  0.1]])], 'v': [array([[ 0.1,  0.1],
       [ 0.1,  0.1],
       [ 0.9,  0.1],
       [ 0.1,  0.9]])]}
GT: [[ 1.]
 [ 1.]
 [ 1.]
 [ 1.]
 [ 1.]]
Iteration #0 Log-ProbabilityF,Z: -3.905654 Log-Probability Total:-614.763545 Number of States:1
[[ 1.]
 [ 1.]
 [ 1.]
 [ 1.]
 [ 1.]]
Time 0.01 sec
Time 0.85 sec
Time 0.67 sec
{'l': [matrix([[ 0.1825454 ,  0.3403152 ],
        [ 0.48018195,  0.38116195],
        [ 0.05479702,  0.11227123],
        [ 0.08179861,  0.48750544],
        [ 0.02486368,  0.25770022],
        [ 0.24618567,  0.21628419]])], 'v': [matrix([[ 0.39851442,  0.34500752],
        [ 0.06372099,  0.04022335],
        [ 0.53016757,  0.53963722],
        [ 0.7817345 ,  0.24082846],
        [ 0.77765041,  0.18036496],
        [ 0.17155635,  0.7021033 ]])]}
Iteration #1 Log-ProbabilityF,Z: -233.724768 Log-Probability Total:-803.631369 Number of States:6
[[ 1.  1.  0.  0.  0.  0.]
 [ 1.  0.  1.  0.  0.  0.]
 [ 1.  0.  0.  1.  0.  0.]
 [ 1.  0.  0.  0.  1.  0.]
 [ 1.  0.  0.  0.  0.  1.]]
Time 23.80 sec
Time 20.00 sec
Time 5.81 sec
{'l': [matrix([[ 0.10398172,  0.3509248 ],
        [ 0.60512659,  0.4958438 ],
        [ 0.00771152,  0.16817073],
        [ 0.08740719,  0.30783175],
        [ 0.04699804,  0.19992222],
        [ 0.24171698,  0.15451312],
        [ 0.07093699,  0.04726517],
        [ 0.42341465,  0.4499671 ]])], 'v': [matrix([[ 0.46592852,  0.22369417],
        [ 0.0121537 ,  0.01080731],
        [ 0.55042868,  0.70093121],
        [ 0.61422055,  0.05876037],
        [ 0.85221608,  0.09165326],
        [ 0.15304223,  0.81291188],
        [ 0.98122534,  0.11414185],
        [ 0.9366538 ,  0.42044338]])]}
Iteration #2 Log-ProbabilityF,Z: -397.526782 Log-Probability Total:-899.111135 Number of States:8
[[ 1.  1.  1.  1.  1.  1.  0.  0.]
 [ 1.  0.  1.  1.  1.  1.  1.  0.]
 [ 1.  1.  1.  1.  1.  1.  0.  0.]
 [ 1.  1.  1.  1.  1.  1.  0.  1.]
 [ 1.  1.  1.  1.  1.  1.  0.  0.]]
Time 32.22 sec
Time 7.97 sec
Time 4.95 sec
{'l': [matrix([[ 0.15495356,  0.09559738],
        [ 0.48797014,  0.70002561],
        [ 0.01579684,  0.22084909],
        [ 0.00747284,  0.10601931],
        [ 0.18894082,  0.18819142],
        [ 0.08672952,  0.22894156],
        [ 0.23214015,  0.31285301]])], 'v': [matrix([[ 0.49707645,  0.24689216],
        [ 0.05739522,  0.0088296 ],
        [ 0.47765379,  0.880919  ],
        [ 0.78141133,  0.0520018 ],
        [ 0.12407633,  0.70973327],
        [ 0.98547059,  0.05978161],
        [ 0.90184741,  0.26514555]])]}
Iteration #3 Log-ProbabilityF,Z: -386.586198 Log-Probability Total:-817.805532 Number of States:7
[[ 0.  1.  1.  1.  1.  1.  0.]
 [ 0.  1.  0.  0.  1.  1.  1.]
 [ 0.  1.  1.  1.  1.  1.  1.]
 [ 0.  1.  0.  1.  1.  1.  1.]
 [ 1.  1.  0.  1.  1.  1.  1.]]
Time 28.10 sec
Time 7.25 sec
Time 3.02 sec
{'l': [matrix([[ 0.30060077,  0.78112684],
        [ 0.06882641,  0.36937964],
        [ 0.42537749,  0.025013  ],
        [ 0.13034568,  0.16540251],
        [ 0.12791597,  0.22028993],
        [ 0.222442  ,  0.1381287 ],
        [ 0.94322834,  0.2063579 ]])], 'v': [matrix([[ 0.06142371,  0.01054785],
        [ 0.39354383,  0.75016214],
        [ 0.82053396,  0.25993716],
        [ 0.08405805,  0.90044801],
        [ 0.99962668,  0.06425318],
        [ 0.69531552,  0.06026539],
        [ 0.52219632,  0.2149251 ]])]}
Iteration #4 Log-ProbabilityF,Z: -341.051870 Log-Probability Total:-749.360516 Number of States:7
[[ 1.  0.  0.  1.  1.  1.  1.]
 [ 1.  0.  1.  1.  1.  1.  0.]
 [ 1.  1.  0.  1.  1.  1.  0.]
 [ 1.  1.  0.  1.  1.  0.  0.]
 [ 1.  1.  0.  1.  1.  0.  0.]]
Time 29.60 sec
Time 11.25 sec
Time 5.41 sec
{'l': [matrix([[ 0.16495159,  0.78481053],
        [ 0.05501796,  0.51008406],
        [ 0.64299425,  0.03426275],
        [ 0.08135625,  0.13727532],
        [ 0.043817  ,  0.08034031],
        [ 0.08350022,  0.76959493],
        [ 0.96105452,  0.37887368]])], 'v': [matrix([[ 0.06910383,  0.05009671],
        [ 0.32489834,  0.65694426],
        [ 0.83534615,  0.12779991],
        [ 0.10151886,  0.7966181 ],
        [ 0.97241551,  0.03281996],
        [ 0.87838361,  0.08186467],
        [ 0.31936275,  0.18858982]])]}
Iteration #5 Log-ProbabilityF,Z: -358.027675 Log-Probability Total:-717.369502 Number of States:7
[[ 1.  1.  0.  1.  1.  0.  1.]
 [ 1.  1.  1.  1.  1.  0.  1.]
 [ 1.  1.  0.  1.  1.  1.  1.]
 [ 1.  1.  1.  1.  1.  0.  1.]
 [ 1.  1.  1.  1.  1.  0.  1.]]
Time 34.98 sec
Time 7.42 sec
Time 5.49 sec
{'l': [matrix([[ 0.07548211,  0.83353951],
        [ 0.18168795,  0.35835054],
        [ 0.80776592,  0.07346772],
        [ 0.07461948,  0.08917828],
        [ 0.05683402,  0.05829665],
        [ 0.13600384,  0.72867811],
        [ 0.93538961,  0.21743269]])], 'v': [matrix([[ 0.0713081 ,  0.11525592],
        [ 0.14166149,  0.59894918],
        [ 0.92845026,  0.01790524],
        [ 0.19882046,  0.79675689],
        [ 0.97851462,  0.05406872],
        [ 0.9967564 ,  0.10169763],
        [ 0.11748183,  0.08377037]])]}
Iteration #6 Log-ProbabilityF,Z: -375.578035 Log-Probability Total:-719.888567 Number of States:7
[[ 1.  0.  0.  1.  1.  1.  1.]
 [ 1.  1.  1.  1.  1.  0.  1.]
 [ 1.  1.  1.  1.  1.  1.  1.]
 [ 1.  1.  1.  1.  1.  1.  0.]
 [ 0.  0.  1.  1.  1.  1.  1.]]
Time 26.88 sec
Time 10.16 sec
Time 2.58 sec
{'l': [matrix([[ 0.14408773,  0.85118173],
        [ 0.33656308,  0.04475979],
        [ 0.06349391,  0.08422703],
        [ 0.0104057 ,  0.07135528],
        [ 0.33513199,  0.46166881],
        [ 0.90280498,  0.1556947 ]])], 'v': [matrix([[  6.63067559e-02,   1.08693174e-01],
        [  9.40452059e-01,   4.63621836e-04],
        [  1.44445757e-01,   8.10451478e-01],
        [  9.90998508e-01,   8.50195431e-02],
        [  9.81933946e-01,   2.76985653e-01],
        [  5.53346188e-02,   1.09849410e-01]])]}
Iteration #7 Log-ProbabilityF,Z: -362.685032 Log-Probability Total:-678.176093 Number of States:6
[[ 1.  1.  1.  1.  1.  1.]
 [ 1.  1.  1.  1.  1.  1.]
 [ 1.  1.  1.  1.  1.  1.]
 [ 1.  1.  1.  1.  1.  1.]
 [ 1.  1.  1.  1.  1.  1.]]
Time 23.90 sec
Time 8.70 sec
Time 4.99 sec
{'l': [matrix([[ 0.11208088,  0.73421533],
        [ 0.45621837,  0.17201369],
        [ 0.04690654,  0.08798299],
        [ 0.02599282,  0.02896163],
        [ 0.4526627 ,  0.61512403],
        [ 0.86448288,  0.17525497],
        [ 0.23620586,  0.26879664]])], 'v': [matrix([[ 0.0247014 ,  0.18709961],
        [ 0.79088702,  0.04685801],
        [ 0.15680511,  0.81014234],
        [ 0.99980086,  0.08168252],
        [ 0.94458638,  0.20342539],
        [ 0.02003123,  0.08090325],
        [ 0.41484255,  0.08300132]])]}
Iteration #8 Log-ProbabilityF,Z: -362.938920 Log-Probability Total:-710.740543 Number of States:7
[[ 1.  1.  1.  1.  1.  1.  0.]
 [ 1.  1.  1.  1.  1.  1.  0.]
 [ 1.  0.  1.  1.  1.  1.  0.]
 [ 1.  1.  1.  1.  1.  1.  1.]
 [ 1.  1.  1.  1.  0.  1.  0.]]
Time 24.56 sec
Time 7.84 sec
Time 4.96 sec
{'l': [matrix([[ 0.03645493,  0.87476823],
        [ 0.80494635,  0.34804666],
        [ 0.08530305,  0.08852424],
        [ 0.02932147,  0.07023034],
        [ 0.25904921,  0.47359113],
        [ 0.88945539,  0.37586594],
        [ 0.62588544,  0.6497699 ]])], 'v': [matrix([[ 0.01488672,  0.17172204],
        [ 0.78451519,  0.28610552],
        [ 0.16193971,  0.80864778],
        [ 0.98893176,  0.07854943],
        [ 0.97241091,  0.11827713],
        [ 0.03362199,  0.17954765],
        [ 0.65929677,  0.47209186]])]}
Iteration #9 Log-ProbabilityF,Z: -392.819077 Log-Probability Total:-733.063578 Number of States:7
[[ 1.  1.  1.  1.  1.  1.  1.]
 [ 0.  1.  1.  1.  1.  1.  0.]
 [ 1.  1.  1.  1.  1.  1.  0.]
 [ 1.  1.  1.  1.  1.  1.  0.]
 [ 0.  1.  1.  1.  1.  1.  0.]]
Time 23.18 sec
Time 6.87 sec
Time 1.97 sec
{'l': [matrix([[ 0.05228696,  0.88534848],
        [ 0.82218535,  0.32944061],
        [ 0.125016  ,  0.10960825],
        [ 0.02482899,  0.05757005],
        [ 0.32398404,  0.47036058],
        [ 0.96106848,  0.3389405 ]])], 'v': [matrix([[ 0.00294731,  0.12456343],
        [ 0.43278352,  0.35251905],
        [ 0.07188189,  0.7048387 ],
        [ 0.99690315,  0.07373395],
        [ 0.96013374,  0.15981756],
        [ 0.11682352,  0.10075593]])]}
Iteration #10 Log-ProbabilityF,Z: -376.067446 Log-Probability Total:-698.871677 Number of States:6
[[ 1.  1.  1.  1.  1.  1.]
 [ 1.  1.  1.  1.  0.  0.]
 [ 1.  0.  1.  1.  1.  1.]
 [ 1.  1.  1.  1.  1.  1.]
 [ 1.  1.  1.  1.  1.  1.]]
Time 14.29 sec
Time 6.63 sec
Time 1.59 sec
{'l': [matrix([[ 0.10291064,  0.86546794],
        [ 0.52209937,  0.00571899],
        [ 0.09772783,  0.12304453],
        [ 0.00626103,  0.02380437],
        [ 0.18924353,  0.56729103],
        [ 0.96901862,  0.31000677]])], 'v': [matrix([[ 0.00663337,  0.19270839],
        [ 0.52453479,  0.09093631],
        [ 0.09169348,  0.79566089],
        [ 0.99985495,  0.12704101],
        [ 0.86363167,  0.08477822],
        [ 0.05401681,  0.27654265]])]}
Iteration #11 Log-ProbabilityF,Z: -357.937010 Log-Probability Total:-681.942893 Number of States:6
[[ 1.  0.  1.  1.  1.  1.]
 [ 0.  1.  1.  1.  1.  1.]
 [ 1.  1.  1.  1.  1.  1.]
 [ 1.  0.  1.  1.  1.  1.]
 [ 0.  0.  1.  1.  1.  1.]]
Time 20.13 sec
Time 6.47 sec
Time 1.86 sec
{'l': [matrix([[  1.45303168e-01,   9.93352220e-01],
        [  5.92381629e-01,   6.30445660e-02],
        [  1.16679507e-01,   1.19178718e-01],
        [  1.94697554e-03,   5.29248127e-04],
        [  1.83866912e-01,   5.16967989e-01],
        [  9.87986416e-01,   3.35977997e-01]])], 'v': [matrix([[ 0.08215414,  0.07493493],
        [ 0.75313187,  0.14076526],
        [ 0.045696  ,  0.80088392],
        [ 0.9828679 ,  0.09579558],
        [ 0.84372028,  0.09689786],
        [ 0.05394559,  0.10210949]])]}
Iteration #12 Log-ProbabilityF,Z: -399.531313 Log-Probability Total:-714.010404 Number of States:6
[[ 1.  1.  1.  1.  1.  1.]
 [ 1.  1.  1.  1.  1.  0.]
 [ 1.  0.  1.  1.  1.  0.]
 [ 1.  1.  0.  1.  1.  0.]
 [ 1.  1.  1.  1.  1.  1.]]
Time 15.70 sec
Time 7.77 sec
Time 3.73 sec
{'l': [matrix([[ 0.07157785,  0.99956976],
        [ 0.56787095,  0.0071708 ],
        [ 0.10505388,  0.03410339],
        [ 0.00251397,  0.00374646],
        [ 0.16847637,  0.515327  ],
        [ 0.99493237,  0.20610166]])], 'v': [matrix([[ 0.07512109,  0.21135476],
        [ 0.70424141,  0.03469381],
        [ 0.09332842,  0.85473514],
        [ 0.93160837,  0.09475824],
        [ 0.82765658,  0.2122925 ],
        [ 0.05752099,  0.20132001]])]}
Iteration #13 Log-ProbabilityF,Z: -396.956372 Log-Probability Total:-712.123200 Number of States:6
[[ 1.  0.  1.  1.  1.  1.]
 [ 1.  1.  1.  1.  0.  1.]
 [ 1.  1.  1.  1.  1.  1.]
 [ 1.  1.  1.  1.  1.  1.]
 [ 1.  1.  1.  1.  1.  1.]]
Time 17.82 sec
Time 9.11 sec
Time 2.94 sec
{'l': [matrix([[ 0.03096588,  0.96820671],
        [ 0.35046974,  0.01069346],
        [ 0.03475297,  0.05888077],
        [ 0.00128916,  0.01090894],
        [ 0.07395526,  0.64138018],
        [ 0.99984633,  0.45775783]])], 'v': [matrix([[ 0.10499704,  0.13508455],
        [ 0.79136411,  0.08683087],
        [ 0.05180433,  0.90703812],
        [ 0.86459922,  0.11631116],
        [ 0.87297516,  0.14865382],
        [ 0.09833589,  0.11781703]])]}
Iteration #14 Log-ProbabilityF,Z: -392.005861 Log-Probability Total:-705.376425 Number of States:6
[[ 1.  1.  1.  1.  1.  1.]
 [ 1.  1.  1.  1.  1.  1.]
 [ 1.  1.  1.  1.  1.  1.]
 [ 1.  1.  1.  1.  1.  1.]
 [ 1.  1.  1.  1.  1.  1.]]
Time 16.59 sec
Time 7.08 sec
Time 4.20 sec
{'l': [matrix([[ 0.07996874,  0.96805069],
        [ 0.41732448,  0.00220977],
        [ 0.07867091,  0.01157217],
        [ 0.00677271,  0.02618381],
        [ 0.21519389,  0.77402654],
        [ 0.9914631 ,  0.23025554]])], 'v': [matrix([[ 0.09160836,  0.11946389],
        [ 0.7829557 ,  0.09044745],
        [ 0.01003546,  0.89592032],
        [ 0.88411987,  0.13527078],
        [ 0.86874625,  0.21444682],
        [ 0.10437987,  0.10015138]])]}
Iteration #15 Log-ProbabilityF,Z: -410.155573 Log-Probability Total:-717.633042 Number of States:6
[[ 1.  1.  1.  1.  1.  1.]
 [ 1.  1.  1.  1.  1.  1.]
 [ 1.  0.  1.  1.  1.  0.]
 [ 1.  1.  1.  1.  1.  1.]
 [ 1.  1.  1.  1.  1.  1.]]
Time 16.86 sec
Time 7.41 sec
Time 4.06 sec
{'l': [matrix([[ 0.04136477,  0.93376827],
        [ 0.31541367,  0.00284617],
        [ 0.06197991,  0.04805803],
        [ 0.01907735,  0.01719194],
        [ 0.11611792,  0.81887498],
        [ 0.95297052,  0.26113252]])], 'v': [matrix([[ 0.1269868 ,  0.19747728],
        [ 0.9284834 ,  0.01949205],
        [ 0.01570794,  0.88100466],
        [ 0.93916687,  0.26879284],
        [ 0.96956482,  0.20790714],
        [ 0.00816541,  0.11864274]])]}
Iteration #16 Log-ProbabilityF,Z: -396.611313 Log-Probability Total:-690.598674 Number of States:6
[[ 1.  0.  1.  1.  1.  1.]
 [ 1.  1.  1.  1.  1.  1.]
 [ 1.  1.  1.  1.  1.  1.]
 [ 1.  1.  1.  1.  1.  1.]
 [ 1.  1.  1.  1.  1.  1.]]
Time 17.41 sec
Time 7.68 sec
Time 2.13 sec
{'l': [matrix([[  5.39943567e-02,   8.71800323e-01],
        [  3.00101853e-01,   3.37508687e-02],
        [  1.54506588e-02,   5.89965770e-02],
        [  2.11535249e-02,   1.89720047e-04],
        [  2.13882753e-01,   6.58506592e-01],
        [  9.68419376e-01,   2.15163872e-01]])], 'v': [matrix([[ 0.09216778,  0.17055946],
        [ 0.92130653,  0.06834422],
        [ 0.00392833,  0.86745825],
        [ 0.86307704,  0.11616198],
        [ 0.94840706,  0.29185039],
        [ 0.06366748,  0.18916331]])]}
Iteration #17 Log-ProbabilityF,Z: -409.668115 Log-Probability Total:-703.508169 Number of States:6
[[ 1.  1.  1.  1.  1.  1.]
 [ 1.  1.  1.  1.  1.  1.]
 [ 1.  1.  1.  1.  1.  0.]
 [ 1.  1.  1.  1.  1.  1.]
 [ 1.  1.  1.  1.  1.  1.]]
Time 14.57 sec
Time 7.02 sec
Time 3.31 sec
{'l': [matrix([[ 0.02238889,  0.92983815],
        [ 0.30424167,  0.04264863],
        [ 0.08719059,  0.09070205],
        [ 0.04209724,  0.0102504 ],
        [ 0.21769086,  0.60414689],
        [ 0.95748777,  0.33641173]])], 'v': [matrix([[  6.62326287e-02,   1.41253281e-01],
        [  8.85076337e-01,   9.98622253e-03],
        [  8.95577296e-05,   9.23928009e-01],
        [  9.74091166e-01,   1.04308430e-01],
        [  9.88985529e-01,   2.06904028e-01],
        [  2.26980756e-01,   1.19440007e-01]])]}
Iteration #18 Log-ProbabilityF,Z: -394.536409 Log-Probability Total:-709.016445 Number of States:6
[[ 1.  1.  1.  1.  1.  1.]
 [ 0.  1.  1.  1.  1.  1.]
 [ 1.  0.  1.  1.  1.  1.]
 [ 1.  1.  0.  1.  1.  1.]
 [ 0.  1.  1.  1.  1.  1.]]
Time 18.02 sec
Time 7.27 sec
Time 1.96 sec
{'l': [matrix([[  6.50246291e-03,   8.36076960e-01],
        [  2.84654779e-01,   5.93582352e-02],
        [  6.24201549e-02,   1.42163976e-01],
        [  7.70350925e-04,   1.81388756e-02],
        [  2.40707172e-01,   3.95798830e-01],
        [  9.58620123e-01,   2.87291034e-01]])], 'v': [matrix([[ 0.0880916 ,  0.16881633],
        [ 0.82236069,  0.03759587],
        [ 0.01041423,  0.84654677],
        [ 0.95647752,  0.23919374],
        [ 0.98225572,  0.0976809 ],
        [ 0.25272564,  0.20087603]])]}
Iteration #19 Log-ProbabilityF,Z: -393.433263 Log-Probability Total:-697.555910 Number of States:6
[[ 1.  0.  1.  1.  1.  1.]
 [ 1.  1.  1.  1.  1.  1.]
 [ 1.  1.  1.  1.  1.  1.]
 [ 1.  1.  1.  1.  1.  1.]
 [ 1.  1.  1.  1.  1.  1.]]
Time 15.99 sec
Time 5.42 sec
Time 3.24 sec
{'l': [matrix([[ 0.03194663,  0.91756787],
        [ 0.20211758,  0.16213491],
        [ 0.07181016,  0.07860816],
        [ 0.00337734,  0.07613475],
        [ 0.24005789,  0.36309487],
        [ 0.97483189,  0.33593099]])], 'v': [matrix([[ 0.05150054,  0.18842259],
        [ 0.79095032,  0.06754437],
        [ 0.01033595,  0.74650693],
        [ 0.96621949,  0.2391457 ],
        [ 0.97603446,  0.05396386],
        [ 0.2807741 ,  0.06930011]])]}
Iteration #20 Log-ProbabilityF,Z: -391.131939 Log-Probability Total:-712.782451 Number of States:6
[[ 1.  1.  1.  1.  1.  1.]
 [ 0.  1.  1.  1.  0.  0.]
 [ 1.  1.  1.  1.  1.  0.]
 [ 1.  1.  1.  1.  1.  1.]
 [ 0.  0.  1.  1.  1.  1.]]
Time 12.10 sec
Time 6.39 sec
Time 2.54 sec
{'l': [matrix([[ 0.02528002,  0.82107984],
        [ 0.57060191,  0.09117511],
        [ 0.10892823,  0.11420861],
        [ 0.00165619,  0.06532923],
        [ 0.20436705,  0.27894536],
        [ 0.99790955,  0.22483035]])], 'v': [matrix([[ 0.0256048 ,  0.13059215],
        [ 0.89882782,  0.00300252],
        [ 0.00100151,  0.85924728],
        [ 0.97952196,  0.14064017],
        [ 0.93420495,  0.12902856],
        [ 0.18804251,  0.18510962]])]}
Iteration #21 Log-ProbabilityF,Z: -368.772696 Log-Probability Total:-690.601350 Number of States:6
[[ 1.  0.  1.  1.  1.  1.]
 [ 1.  1.  1.  1.  1.  1.]
 [ 1.  0.  1.  1.  1.  1.]
 [ 1.  0.  1.  1.  1.  0.]
 [ 1.  0.  1.  1.  1.  1.]]
Time 13.31 sec
Time 6.24 sec
Time 2.24 sec
{'l': [matrix([[ 0.08000793,  0.93358522],
        [ 0.44364524,  0.05937403],
        [ 0.06296991,  0.07780305],
        [ 0.00263502,  0.01968503],
        [ 0.12193754,  0.46928112],
        [ 0.9962697 ,  0.2785287 ]])], 'v': [matrix([[ 0.06559767,  0.06434012],
        [ 0.88963995,  0.00828076],
        [ 0.00538081,  0.8859709 ],
        [ 0.95447039,  0.17299619],
        [ 0.97416176,  0.09832765],
        [ 0.17278551,  0.19023064]])]}
Iteration #22 Log-ProbabilityF,Z: -377.260850 Log-Probability Total:-689.828521 Number of States:6
[[ 1.  1.  1.  1.  1.  1.]
 [ 0.  1.  1.  1.  0.  1.]
 [ 1.  0.  1.  1.  1.  0.]
 [ 1.  1.  1.  1.  1.  1.]
 [ 0.  1.  1.  1.  0.  1.]]
Time 14.89 sec
Time 7.98 sec
Time 5.33 sec
{'l': [matrix([[ 0.17178303,  0.91797734],
        [ 0.2581267 ,  0.01581376],
        [ 0.04987514,  0.21007414],
        [ 0.00789613,  0.02499718],
        [ 0.17173208,  0.34434296],
        [ 0.98481363,  0.20798389],
        [ 0.04942137,  0.64195471]])], 'v': [matrix([[ 0.15547092,  0.10053072],
        [ 0.87142167,  0.07279699],
        [ 0.04965477,  0.89843464],
        [ 0.97607118,  0.09783574],
        [ 0.96257815,  0.06129587],
        [ 0.13751142,  0.23347202],
        [ 0.9508454 ,  0.02125475]])]}
Iteration #23 Log-ProbabilityF,Z: -393.808197 Log-Probability Total:-720.534293 Number of States:7
[[ 1.  0.  1.  1.  1.  1.  0.]
 [ 1.  1.  1.  1.  1.  1.  0.]
 [ 1.  1.  1.  1.  1.  1.  0.]
 [ 1.  1.  1.  1.  1.  1.  1.]
 [ 1.  0.  1.  1.  1.  1.  0.]]
Time 23.29 sec
Time 8.39 sec
Time 4.70 sec
{'l': [matrix([[ 0.1275448 ,  0.81193483],
        [ 0.37133343,  0.00687549],
        [ 0.09192566,  0.11818126],
        [ 0.00541563,  0.0583615 ],
        [ 0.13290187,  0.29791757],
        [ 0.96803396,  0.21269273],
        [ 0.12373873,  0.43610684]])], 'v': [matrix([[ 0.0232634 ,  0.09613298],
        [ 0.95351835,  0.20554556],
        [ 0.01096915,  0.90136927],
        [ 0.87039068,  0.17987252],
        [ 0.95053142,  0.18616951],
        [ 0.0981476 ,  0.17914591],
        [ 0.89899691,  0.15051578]])]}
Iteration #24 Log-ProbabilityF,Z: -397.665515 Log-Probability Total:-727.166043 Number of States:7
[[ 1.  1.  1.  1.  1.  1.  1.]
 [ 1.  0.  1.  1.  1.  1.  0.]
 [ 1.  0.  1.  1.  1.  0.  1.]
 [ 1.  1.  1.  1.  0.  1.  1.]
 [ 1.  1.  1.  1.  1.  1.  1.]]
Time 24.28 sec
Time 7.40 sec
Time 5.04 sec
{'l': [matrix([[ 0.16673351,  0.92535718],
        [ 0.36867774,  0.01327322],
        [ 0.03844824,  0.15380863],
        [ 0.00597645,  0.06903567],
        [ 0.15991123,  0.40383106],
        [ 0.95396284,  0.15155561],
        [ 0.17833682,  0.46109859]])], 'v': [matrix([[ 0.08168261,  0.10948843],
        [ 0.84830925,  0.20176813],
        [ 0.02347934,  0.88906792],
        [ 0.92484742,  0.10885971],
        [ 0.99287648,  0.0331584 ],
        [ 0.21567329,  0.18222036],
        [ 0.75808346,  0.22384479]])]}
Iteration #25 Log-ProbabilityF,Z: -412.909885 Log-Probability Total:-740.596826 Number of States:7
[[ 1.  0.  1.  1.  1.  1.  0.]
 [ 1.  1.  1.  1.  0.  1.  1.]
 [ 1.  0.  1.  1.  0.  1.  1.]
 [ 1.  1.  1.  1.  1.  1.  0.]
 [ 0.  1.  1.  1.  0.  1.  1.]]
Time 22.01 sec
Time 7.33 sec
Time 4.37 sec
{'l': [matrix([[ 0.27896394,  0.92526127],
        [ 0.44142955,  0.01036765],
        [ 0.15890294,  0.13379276],
        [ 0.0477331 ,  0.02948178],
        [ 0.78475166,  0.45678153],
        [ 0.16121095,  0.52689469]])], 'v': [matrix([[ 0.03396405,  0.06219652],
        [ 0.79379733,  0.21520226],
        [ 0.0072188 ,  0.78964551],
        [ 0.90696137,  0.07090447],
        [ 0.13128157,  0.21943611],
        [ 0.83370645,  0.18077697]])]}
Iteration #26 Log-ProbabilityF,Z: -348.777577 Log-Probability Total:-732.116894 Number of States:6
[[ 1.  1.  1.  1.  1.  1.]
 [ 1.  0.  1.  1.  1.  0.]
 [ 1.  1.  1.  1.  1.  1.]
 [ 1.  1.  1.  1.  1.  1.]
 [ 1.  1.  1.  1.  1.  1.]]
Time 17.74 sec
Time 10.60 sec
Time 2.88 sec
{'l': [matrix([[ 0.1609678 ,  0.84456263],
        [ 0.38691207,  0.11470881],
        [ 0.06916404,  0.02716717],
        [ 0.01671093,  0.07753746],
        [ 0.7516265 ,  0.45256877],
        [ 0.2059345 ,  0.46553316]])], 'v': [matrix([[ 0.04310072,  0.12098737],
        [ 0.93771553,  0.03481254],
        [ 0.01652163,  0.81408429],
        [ 0.89557538,  0.08851736],
        [ 0.10695058,  0.23527819],
        [ 0.91609059,  0.12380023]])]}
Iteration #27 Log-ProbabilityF,Z: -369.626378 Log-Probability Total:-729.693350 Number of States:6
[[ 1.  1.  1.  1.  1.  1.]
 [ 1.  1.  1.  1.  1.  1.]
 [ 1.  1.  1.  1.  1.  1.]
 [ 1.  1.  1.  1.  1.  1.]
 [ 1.  1.  1.  1.  1.  1.]]
Time 20.85 sec
Time 7.45 sec
Time 1.92 sec
{'l': [matrix([[ 0.02234586,  0.95412311],
        [ 0.44620783,  0.09254976],
        [ 0.1267659 ,  0.04602791],
        [ 0.00380045,  0.03658358],
        [ 0.66699263,  0.34377989],
        [ 0.18918065,  0.49441254]])], 'v': [matrix([[  7.60260809e-03,   6.35719452e-02],
        [  9.65581665e-01,   4.76363594e-02],
        [  1.16878126e-04,   8.61515605e-01],
        [  8.66666271e-01,   1.23951487e-01],
        [  4.57304267e-02,   1.03474875e-01],
        [  7.07352466e-01,   2.14668970e-01]])]}
Iteration #28 Log-ProbabilityF,Z: -350.731830 Log-Probability Total:-692.291985 Number of States:6
[[ 1.  1.  1.  1.  1.  1.]
 [ 1.  1.  1.  1.  1.  0.]
 [ 1.  1.  1.  1.  1.  1.]
 [ 1.  1.  1.  1.  0.  1.]
 [ 1.  1.  1.  1.  1.  0.]]
Time 17.99 sec
Time 9.05 sec
Time 2.35 sec
{'l': [matrix([[ 0.05407726,  0.99948387],
        [ 0.30116613,  0.2399216 ],
        [ 0.07755639,  0.10385576],
        [ 0.01260345,  0.03669604],
        [ 0.86107902,  0.2411668 ],
        [ 0.17651914,  0.66561587]])], 'v': [matrix([[ 0.06271379,  0.02907873],
        [ 0.92565457,  0.06492086],
        [ 0.00445359,  0.90405481],
        [ 0.87248768,  0.21637069],
        [ 0.10728031,  0.13923372],
        [ 0.82529249,  0.08113709]])]}
Iteration #29 Log-ProbabilityF,Z: -365.788763 Log-Probability Total:-706.237311 Number of States:6
[[ 1.  1.  1.  1.  1.  1.]
 [ 1.  1.  1.  1.  1.  1.]
 [ 1.  0.  1.  1.  1.  1.]
 [ 1.  1.  1.  1.  1.  1.]
 [ 0.  1.  1.  1.  1.  1.]]
Time 25.22 sec
Time 9.35 sec
Time 5.23 sec
{'l': [matrix([[ 0.03151742,  0.95920133],
        [ 0.10887826,  0.05881429],
        [ 0.0461594 ,  0.14682305],
        [ 0.01958985,  0.1585248 ],
        [ 0.82223475,  0.44155781],
        [ 0.23816083,  0.5689001 ]])], 'v': [matrix([[ 0.02623849,  0.0255904 ],
        [ 0.90455028,  0.23460733],
        [ 0.04457451,  0.79581686],
        [ 0.92086899,  0.12826927],
        [ 0.03453222,  0.07931159],
        [ 0.91022522,  0.09867354]])]}
Iteration #30 Log-ProbabilityF,Z: -384.574233 Log-Probability Total:-712.180346 Number of States:6
[[ 1.  1.  1.  1.  1.  1.]
 [ 1.  1.  1.  1.  0.  1.]
 [ 1.  1.  1.  1.  1.  1.]
 [ 1.  1.  1.  1.  0.  1.]
 [ 1.  1.  1.  1.  1.  1.]]
Time 22.25 sec
Time 12.16 sec
Time 2.87 sec
{'l': [matrix([[ 0.05662254,  0.95153274],
        [ 0.17644713,  0.11011742],
        [ 0.08135559,  0.13528749],
        [ 0.00187311,  0.16118141],
        [ 0.89530871,  0.40030945],
        [ 0.11808565,  0.38938044],
        [ 0.38768976,  0.01468923]])], 'v': [matrix([[  3.46551039e-04,   1.12856196e-01],
        [  9.11307326e-01,   7.84938663e-02],
        [  3.48042793e-02,   8.49010986e-01],
        [  9.32901554e-01,   1.99519436e-01],
        [  1.50070969e-02,   3.54322063e-02],
        [  7.72981494e-01,   1.80593261e-01],
        [  1.05283147e-01,   9.18490183e-01]])]}
Iteration #31 Log-ProbabilityF,Z: -390.455098 Log-Probability Total:-760.505578 Number of States:7
[[ 1.  1.  1.  1.  1.  1.  0.]
 [ 1.  1.  1.  1.  1.  1.  0.]
 [ 1.  0.  1.  1.  0.  1.  0.]
 [ 1.  1.  1.  1.  1.  1.  0.]
 [ 1.  1.  1.  1.  1.  1.  1.]]
Time 29.79 sec
Time 8.15 sec
Time 5.24 sec
{'l': [matrix([[ 0.03135541,  0.99488599],
        [ 0.26544475,  0.09936001],
        [ 0.04693365,  0.03413364],
        [ 0.00757449,  0.12820361],
        [ 0.87721767,  0.41003498],
        [ 0.28019653,  0.51212781],
        [ 0.21834554,  0.00209143]])], 'v': [matrix([[ 0.0023268 ,  0.15867469],
        [ 0.87798846,  0.11755843],
        [ 0.04467394,  0.95245774],
        [ 0.94186278,  0.14502512],
        [ 0.0242801 ,  0.03753879],
        [ 0.72803925,  0.2650148 ],
        [ 0.0652416 ,  0.90032485]])]}
Iteration #32 Log-ProbabilityF,Z: -406.785913 Log-Probability Total:-740.094975 Number of States:7
[[ 1.  1.  1.  1.  1.  1.  0.]
 [ 1.  1.  1.  1.  1.  0.  0.]
 [ 1.  1.  1.  1.  1.  1.  0.]
 [ 1.  1.  1.  1.  0.  0.  1.]
 [ 1.  1.  1.  1.  1.  0.  1.]]
Time 22.49 sec
Time 8.43 sec
Time 4.86 sec
{'l': [matrix([[ 0.01177584,  0.91756028],
        [ 0.27840993,  0.31161143],
        [ 0.13523882,  0.00164232],
        [ 0.01226407,  0.2468012 ],
        [ 0.89359589,  0.29840674],
        [ 0.17530527,  0.32429054],
        [ 0.31032325,  0.07038113]])], 'v': [matrix([[ 0.00181191,  0.19658889],
        [ 0.8567002 ,  0.15492103],
        [ 0.03557308,  0.94209434],
        [ 0.95574158,  0.1328568 ],
        [ 0.01244761,  0.17730248],
        [ 0.60773472,  0.07472443],
        [ 0.01651461,  0.71113548]])]}
Iteration #33 Log-ProbabilityF,Z: -408.283068 Log-Probability Total:-735.984036 Number of States:7
[[ 1.  1.  1.  1.  1.  0.  1.]
 [ 1.  1.  1.  1.  1.  0.  1.]
 [ 1.  1.  1.  1.  0.  1.  1.]
 [ 1.  1.  0.  1.  1.  1.  1.]
 [ 1.  1.  1.  1.  1.  1.  1.]]
Time 28.28 sec
Time 8.61 sec
Time 5.51 sec
{'l': [matrix([[  5.56885946e-02,   8.96237916e-01],
        [  2.91336263e-01,   2.49714004e-01],
        [  3.50926952e-02,   2.53729488e-02],
        [  7.09388632e-02,   1.05670509e-01],
        [  8.93356509e-01,   3.91174012e-01],
        [  2.60951403e-01,   3.54168858e-01],
        [  2.29017694e-01,   3.68268242e-04]])], 'v': [matrix([[ 0.00094953,  0.15157983],
        [ 0.94736604,  0.20520878],
        [ 0.01919441,  0.92755655],
        [ 0.9122569 ,  0.17615523],
        [ 0.02809432,  0.06052399],
        [ 0.73937463,  0.15029412],
        [ 0.04652816,  0.75725299]])]}
Iteration #34 Log-ProbabilityF,Z: -408.345086 Log-Probability Total:-759.275033 Number of States:7
[[ 1.  1.  1.  1.  1.  1.  1.]
 [ 1.  1.  1.  1.  0.  1.  1.]
 [ 1.  1.  1.  1.  1.  0.  0.]
 [ 1.  1.  1.  1.  1.  1.  1.]
 [ 1.  1.  1.  1.  1.  0.  0.]]
Time 26.89 sec
Time 8.84 sec
Time 2.42 sec
{'l': [matrix([[ 0.10785924,  0.97278671],
        [ 0.31659593,  0.23688478],
        [ 0.04606677,  0.08428714],
        [ 0.05939434,  0.08782314],
        [ 0.81094738,  0.39239141],
        [ 0.31509185,  0.68944139],
        [ 0.66880731,  0.10210895]])], 'v': [matrix([[ 0.00844198,  0.18762176],
        [ 0.80888694,  0.04522948],
        [ 0.04340369,  0.92593581],
        [ 0.91584326,  0.19778916],
        [ 0.07454259,  0.0312671 ],
        [ 0.71277278,  0.90278894],
        [ 0.11191044,  0.94408475]])]}
Iteration #35 Log-ProbabilityF,Z: -386.360932 Log-Probability Total:-722.952276 Number of States:7
[[ 1.  1.  1.  1.  1.  0.  0.]
 [ 1.  1.  1.  1.  1.  0.  0.]
 [ 1.  1.  1.  1.  1.  1.  1.]
 [ 1.  1.  1.  1.  1.  0.  0.]
 [ 1.  1.  1.  1.  1.  0.  1.]]
Time 26.69 sec
Time 9.68 sec
Time 4.56 sec
{'l': [matrix([[ 0.02928875,  0.93645105],
        [ 0.10986796,  0.22070174],
        [ 0.08114906,  0.09722433],
        [ 0.10514189,  0.10934878],
        [ 0.85706223,  0.34167881],
        [ 0.00817817,  0.71872742],
        [ 0.50607162,  0.17834911]])], 'v': [matrix([[ 0.00345854,  0.08779459],
        [ 0.92352343,  0.03952242],
        [ 0.04356311,  0.98899605],
        [ 0.944415  ,  0.0724512 ],
        [ 0.13144851,  0.06264312],
        [ 0.70621982,  0.92919031],
        [ 0.28114962,  0.83842154]])]}
Iteration #36 Log-ProbabilityF,Z: -407.375571 Log-Probability Total:-738.069572 Number of States:7
[[ 1.  1.  1.  1.  1.  0.  1.]
 [ 1.  1.  1.  1.  1.  1.  0.]
 [ 1.  1.  1.  1.  1.  0.  1.]
 [ 1.  1.  1.  1.  1.  1.  1.]
 [ 1.  1.  1.  1.  1.  1.  1.]]
Time 26.78 sec
Time 9.93 sec
Time 5.08 sec
{'l': [matrix([[ 0.0482412 ,  0.91148092],
        [ 0.17963866,  0.19183437],
        [ 0.03810185,  0.05479403],
        [ 0.16170679,  0.23372068],
        [ 0.79872177,  0.2900768 ],
        [ 0.19621656,  0.70779235],
        [ 0.28306122,  0.23677086]])], 'v': [matrix([[ 0.05033734,  0.12164359],
        [ 0.90112126,  0.06467504],
        [ 0.1027549 ,  0.97991215],
        [ 0.97505753,  0.02338613],
        [ 0.04256489,  0.14265633],
        [ 0.35374131,  0.86527027],
        [ 0.33832403,  0.73479091]])]}
Iteration #37 Log-ProbabilityF,Z: -398.207277 Log-Probability Total:-746.721983 Number of States:7
[[ 1.  1.  1.  0.  1.  1.  1.]
 [ 0.  1.  1.  1.  1.  1.  1.]
 [ 1.  1.  1.  1.  0.  1.  1.]
 [ 1.  1.  1.  1.  0.  1.  1.]
 [ 1.  1.  1.  1.  1.  1.  1.]]
Time 29.44 sec
Time 8.75 sec
Time 2.26 sec
{'l': [matrix([[  2.75285695e-04,   9.84956925e-01],
        [  1.98826108e-01,   2.11807597e-01],
        [  2.65091868e-02,   4.31702586e-02],
        [  7.90295172e-02,   1.60557784e-01],
        [  6.40511893e-01,   2.53080912e-01],
        [  2.56243075e-01,   6.19797836e-01]])], 'v': [matrix([[ 0.00722139,  0.0380471 ],
        [ 0.95589688,  0.03505429],
        [ 0.09539964,  0.99430002],
        [ 0.96721374,  0.10763291],
        [ 0.02803308,  0.26228511],
        [ 0.5508456 ,  0.75517609]])]}
Iteration #38 Log-ProbabilityF,Z: -391.298864 Log-Probability Total:-717.883119 Number of States:6
[[ 1.  1.  1.  1.  1.  1.]
 [ 1.  1.  1.  1.  1.  1.]
 [ 1.  1.  1.  1.  1.  1.]
 [ 1.  0.  1.  1.  1.  1.]
 [ 1.  1.  1.  1.  1.  1.]]
Time 21.58 sec
Time 8.31 sec
Time 5.42 sec
{'l': [matrix([[ 0.01611521,  0.93595231],
        [ 0.1517377 ,  0.15106046],
        [ 0.01436525,  0.01720669],
        [ 0.07528422,  0.09410406],
        [ 0.60364409,  0.2168782 ],
        [ 0.14370863,  0.65170195]])], 'v': [matrix([[ 0.00440735,  0.03510877],
        [ 0.96092139,  0.01382511],
        [ 0.12329846,  0.95039295],
        [ 0.98726497,  0.07831804],
        [ 0.08487079,  0.25063721],
        [ 0.64826029,  0.36068464]])]}
Iteration #39 Log-ProbabilityF,Z: -407.798094 Log-Probability Total:-732.684221 Number of States:6
[[ 1.  1.  1.  1.  1.  1.]
 [ 1.  1.  1.  1.  1.  1.]
 [ 1.  1.  1.  1.  1.  1.]
 [ 1.  1.  0.  1.  1.  1.]
 [ 1.  1.  1.  1.  1.  1.]]
Time 18.64 sec
Time 8.29 sec
Time 2.76 sec
{'l': [matrix([[ 0.06508044,  0.97570801],
        [ 0.25527928,  0.07556827],
        [ 0.03083483,  0.0701137 ],
        [ 0.08428124,  0.14042625],
        [ 0.79015215,  0.22605984],
        [ 0.14259876,  0.68450888]])], 'v': [matrix([[ 0.05648507,  0.10852692],
        [ 0.9645636 ,  0.1479227 ],
        [ 0.02181945,  0.93585506],
        [ 0.90755613,  0.01329054],
        [ 0.04731621,  0.21351536],
        [ 0.72881824,  0.18732791]])]}
Iteration #40 Log-ProbabilityF,Z: -401.895921 Log-Probability Total:-734.126988 Number of States:6
[[ 1.  0.  1.  1.  1.  1.]
 [ 0.  1.  1.  1.  1.  1.]
 [ 1.  0.  1.  1.  1.  1.]
 [ 1.  1.  1.  1.  1.  1.]
 [ 1.  1.  1.  1.  1.  1.]]
Time 20.26 sec
Time 11.98 sec
Time 3.22 sec
{'l': [matrix([[ 0.02740286,  0.99392536],
        [ 0.30727545,  0.11553746],
        [ 0.04466808,  0.05003456],
        [ 0.13934357,  0.06257   ],
        [ 0.68182544,  0.25724176],
        [ 0.1477042 ,  0.66606871]])], 'v': [matrix([[  1.86055811e-02,   1.93360453e-01],
        [  9.95539003e-01,   1.63668344e-01],
        [  6.50665087e-02,   9.04090596e-01],
        [  9.18857002e-01,   7.21657600e-04],
        [  5.66737919e-02,   1.11101466e-01],
        [  8.23384706e-01,   1.63341358e-01]])]}
Iteration #41 Log-ProbabilityF,Z: -425.418757 Log-Probability Total:-760.370821 Number of States:6
[[ 1.  1.  1.  1.  1.  1.]
 [ 1.  1.  1.  1.  1.  1.]
 [ 1.  1.  1.  1.  1.  1.]
 [ 1.  1.  1.  1.  1.  1.]
 [ 1.  1.  1.  1.  1.  1.]]
Time 29.14 sec
Time 13.63 sec
Time 6.05 sec
{'l': [matrix([[ 0.00372252,  0.93827411],
        [ 0.41730325,  0.13967464],
        [ 0.06602509,  0.04275919],
        [ 0.08420146,  0.1474168 ],
        [ 0.72911568,  0.43664292],
        [ 0.02757005,  0.41543383],
        [ 0.16011282,  0.73940523]])], 'v': [matrix([[ 0.00745271,  0.19201002],
        [ 0.97527156,  0.08091583],
        [ 0.21581122,  0.91057414],
        [ 0.96033507,  0.00323717],
        [ 0.09673983,  0.14513758],
        [ 0.77175038,  0.18107487],
        [ 0.31172997,  0.13032246]])]}
Iteration #42 Log-ProbabilityF,Z: -409.526201 Log-Probability Total:-732.774431 Number of States:7
[[ 1.  1.  1.  1.  1.  1.  0.]
 [ 1.  1.  1.  1.  1.  1.  0.]
 [ 1.  1.  1.  1.  1.  1.  0.]
 [ 1.  1.  0.  1.  1.  1.  1.]
 [ 1.  1.  1.  1.  1.  1.  0.]]
Time 23.96 sec
Time 7.72 sec
Time 4.55 sec
{'l': [matrix([[ 0.04973642,  0.93200487],
        [ 0.29771366,  0.08249771],
        [ 0.07488491,  0.01424939],
        [ 0.08108315,  0.22706267],
        [ 0.70939852,  0.30466143],
        [ 0.08973757,  0.26317958]])], 'v': [matrix([[ 0.02650414,  0.23641865],
        [ 0.97050001,  0.01350895],
        [ 0.26472033,  0.92549422],
        [ 0.97893783,  0.03355643],
        [ 0.02017098,  0.19240152],
        [ 0.63999146,  0.16843298]])]}
Iteration #43 Log-ProbabilityF,Z: -409.006352 Log-Probability Total:-742.631488 Number of States:6
[[ 1.  1.  1.  1.  1.  1.]
 [ 1.  1.  1.  1.  1.  1.]
 [ 1.  0.  1.  1.  0.  1.]
 [ 1.  1.  1.  1.  1.  1.]
 [ 0.  1.  1.  1.  1.  1.]]
Time 19.83 sec
Time 7.07 sec
Time 2.07 sec
{'l': [matrix([[ 0.00932702,  0.88811118],
        [ 0.20363374,  0.12669437],
        [ 0.07292572,  0.07139848],
        [ 0.04523306,  0.18912393],
        [ 0.70288043,  0.35255342],
        [ 0.22243533,  0.28680698]])], 'v': [matrix([[ 0.0275378 ,  0.1087991 ],
        [ 0.95059718,  0.06323342],
        [ 0.07523033,  0.86127723],
        [ 0.99074708,  0.04788595],
        [ 0.05630419,  0.15320217],
        [ 0.16953026,  0.38377865]])]}
Iteration #44 Log-ProbabilityF,Z: -383.226238 Log-Probability Total:-721.733095 Number of States:6
[[ 1.  1.  1.  1.  1.  0.]
 [ 1.  1.  1.  1.  1.  0.]
 [ 1.  1.  1.  1.  1.  0.]
 [ 1.  1.  0.  1.  1.  0.]
 [ 1.  1.  1.  1.  1.  1.]]
Time 15.26 sec
Time 6.67 sec
Time 4.09 sec
{'l': [matrix([[ 0.06445104,  0.81959187],
        [ 0.20876353,  0.05234977],
        [ 0.14480739,  0.11999077],
        [ 0.01228596,  0.2545285 ],
        [ 0.69988838,  0.36996053]])], 'v': [matrix([[ 0.06079117,  0.07283218],
        [ 0.99440376,  0.25202608],
        [ 0.04192394,  0.91518454],
        [ 0.9788574 ,  0.10084483],
        [ 0.18642916,  0.23616873]])]}
Iteration #45 Log-ProbabilityF,Z: -353.168186 Log-Probability Total:-684.258913 Number of States:5
[[ 1.  0.  1.  1.  1.]
 [ 1.  1.  1.  1.  1.]
 [ 1.  0.  1.  1.  1.]
 [ 1.  1.  1.  1.  1.]
 [ 1.  1.  1.  1.  1.]]
Time 11.00 sec
Time 7.22 sec
Time 4.48 sec
{'l': [matrix([[ 0.08663647,  0.79294679],
        [ 0.15894731,  0.06929652],
        [ 0.0651882 ,  0.17094243],
        [ 0.02783608,  0.36965073],
        [ 0.88010121,  0.41458139]])], 'v': [matrix([[ 0.05688876,  0.05780816],
        [ 0.99177267,  0.08204977],
        [ 0.01296329,  0.93187252],
        [ 0.99807328,  0.0182138 ],
        [ 0.19431183,  0.28722009]])]}
Iteration #46 Log-ProbabilityF,Z: -343.852463 Log-Probability Total:-678.013867 Number of States:5
[[ 1.  1.  1.  1.  1.]
 [ 1.  1.  1.  1.  1.]
 [ 1.  1.  1.  1.  1.]
 [ 1.  1.  1.  1.  1.]
 [ 1.  1.  1.  1.  1.]]
Time 10.74 sec
Time 7.02 sec
Time 4.38 sec
{'l': [matrix([[ 0.16940221,  0.88550121],
        [ 0.25422947,  0.02831661],
        [ 0.01851136,  0.11151786],
        [ 0.04062693,  0.2605137 ],
        [ 0.83408559,  0.27033928]])], 'v': [matrix([[ 0.06726635,  0.17749274],
        [ 0.96371522,  0.25271679],
        [ 0.01673249,  0.89031757],
        [ 0.9932411 ,  0.0297378 ],
        [ 0.23047618,  0.22568597]])]}
Iteration #47 Log-ProbabilityF,Z: -354.151960 Log-Probability Total:-685.802416 Number of States:5
[[ 1.  0.  1.  1.  1.]
 [ 1.  1.  1.  1.  1.]
 [ 1.  1.  1.  1.  1.]
 [ 1.  1.  1.  1.  1.]
 [ 1.  1.  1.  1.  1.]]
Time 11.40 sec
Time 6.91 sec
Time 4.88 sec
{'l': [matrix([[ 0.09635307,  0.8048693 ],
        [ 0.16473137,  0.02608408],
        [ 0.01034522,  0.13770359],
        [ 0.03554345,  0.32735331],
        [ 0.83268846,  0.15996444]])], 'v': [matrix([[ 0.06020441,  0.05477122],
        [ 0.97302332,  0.23751587],
        [ 0.03631409,  0.9041148 ],
        [ 0.98657836,  0.12028539],
        [ 0.13636817,  0.18967547]])]}
Iteration #48 Log-ProbabilityF,Z: -368.471687 Log-Probability Total:-699.369276 Number of States:5
[[ 1.  1.  1.  1.  1.]
 [ 1.  1.  1.  1.  1.]
 [ 1.  1.  1.  1.  1.]
 [ 1.  1.  1.  1.  1.]
 [ 1.  1.  1.  1.  1.]]
Time 13.37 sec
Time 6.96 sec
Time 1.65 sec
{'l': [matrix([[ 0.05729561,  0.84839672],
        [ 0.2380603 ,  0.00151687],
        [ 0.09615847,  0.08652283],
        [ 0.02417261,  0.27456249],
        [ 0.83644878,  0.2194194 ]])], 'v': [matrix([[ 0.15250927,  0.05755619],
        [ 0.97845745,  0.15660274],
        [ 0.07269237,  0.90621932],
        [ 0.99973351,  0.09378037],
        [ 0.03380202,  0.16471354]])]}
Iteration #49 Log-ProbabilityF,Z: -364.564010 Log-Probability Total:-692.287843 Number of States:5
[[ 1.  1.  1.  1.  1.]
 [ 1.  1.  1.  1.  1.]
 [ 1.  1.  1.  1.  1.]
 [ 1.  1.  1.  1.  0.]
 [ 0.  1.  1.  1.  1.]]
Time 12.39 sec
Time 6.19 sec
Time 3.70 sec
{'l': [matrix([[ 0.0444547 ,  0.92680946],
        [ 0.18182409,  0.03454069],
        [ 0.02659715,  0.08508137],
        [ 0.17564939,  0.28853077],
        [ 0.83965706,  0.26277485],
        [ 0.1791757 ,  0.40463343]])], 'v': [matrix([[ 0.08845698,  0.0673355 ],
        [ 0.92151132,  0.20664819],
        [ 0.06232842,  0.87013309],
        [ 0.99813709,  0.1149301 ],
        [ 0.01351046,  0.14037257],
        [ 0.35927682,  0.26661775]])]}
Iteration #50 Log-ProbabilityF,Z: -380.156160 Log-Probability Total:-697.555806 Number of States:6
[[ 1.  1.  1.  1.  1.  0.]
 [ 1.  1.  1.  0.  1.  0.]
 [ 1.  1.  1.  1.  0.  0.]
 [ 1.  1.  1.  1.  1.  1.]
 [ 1.  1.  1.  1.  1.  0.]]
Time 15.47 sec
Time 4.98 sec
Time 3.93 sec
{'l': [matrix([[ 0.09931291,  0.95931659],
        [ 0.10171086,  0.00193247],
        [ 0.02471093,  0.12625333],
        [ 0.1358867 ,  0.30279449],
        [ 0.69872976,  0.226301  ],
        [ 0.72636559,  0.86825265]])], 'v': [matrix([[  1.10711263e-01,   1.70325604e-01],
        [  9.88562588e-01,   8.42049976e-02],
        [  4.55842150e-02,   9.24511513e-01],
        [  9.36984661e-01,   1.43393848e-01],
        [  3.08233306e-04,   1.77950359e-01],
        [  8.02294328e-01,   4.88184411e-01]])]}
Iteration #51 Log-ProbabilityF,Z: -372.051746 Log-Probability Total:-688.785105 Number of States:6
[[ 1.  0.  1.  1.  1.  0.]
 [ 1.  1.  1.  1.  1.  0.]
 [ 1.  1.  1.  1.  1.  1.]
 [ 1.  1.  0.  1.  1.  0.]
 [ 0.  1.  1.  1.  1.  0.]]
Time 15.75 sec
Time 7.71 sec
Time 4.51 sec
{'l': [matrix([[ 0.08491511,  0.96679472],
        [ 0.18228417,  0.01684589],
        [ 0.03755972,  0.16388883],
        [ 0.22611809,  0.15259569],
        [ 0.68259931,  0.14970738],
        [ 0.37484489,  0.71990977]])], 'v': [matrix([[ 0.13417301,  0.15105061],
        [ 0.98726454,  0.12760518],
        [ 0.01103214,  0.80624892],
        [ 0.95801077,  0.20056351],
        [ 0.03562238,  0.20752027],
        [ 0.47450424,  0.22098103]])]}
Iteration #52 Log-ProbabilityF,Z: -371.652562 Log-Probability Total:-702.130433 Number of States:6
[[ 1.  1.  0.  1.  1.  1.]
 [ 0.  1.  1.  1.  1.  1.]
 [ 1.  1.  1.  0.  1.  1.]
 [ 1.  1.  1.  1.  1.  1.]
 [ 1.  1.  1.  1.  1.  1.]]
Time 18.18 sec
Time 7.51 sec
Time 4.72 sec
{'l': [matrix([[ 0.10729444,  0.86065534],
        [ 0.10783117,  0.01569531],
        [ 0.0231235 ,  0.21008452],
        [ 0.0432012 ,  0.13572601],
        [ 0.8895243 ,  0.07126087],
        [ 0.48745896,  0.84840135]])], 'v': [matrix([[ 0.18023593,  0.06392183],
        [ 0.98715597,  0.16997098],
        [ 0.00140292,  0.88788325],
        [ 0.99294615,  0.28162604],
        [ 0.01430689,  0.22288708],
        [ 0.38879719,  0.20602962]])]}
Iteration #53 Log-ProbabilityF,Z: -374.343894 Log-Probability Total:-692.809861 Number of States:6
[[ 1.  1.  1.  0.  1.  1.]
 [ 1.  1.  1.  0.  1.  1.]
 [ 1.  1.  1.  1.  1.  1.]
 [ 1.  1.  1.  0.  1.  1.]
 [ 1.  1.  1.  0.  1.  1.]]
Time 16.90 sec
Time 7.73 sec
Time 4.65 sec
{'l': [matrix([[ 0.03342249,  0.8384333 ],
        [ 0.0668428 ,  0.07678932],
        [ 0.04647084,  0.06361238],
        [ 0.06966297,  0.1854941 ],
        [ 0.94064446,  0.03421554],
        [ 0.59644749,  0.89868605]])], 'v': [matrix([[ 0.10560277,  0.10504947],
        [ 0.98266778,  0.13795393],
        [ 0.00690774,  0.81275787],
        [ 0.93557828,  0.11390769],
        [ 0.01837132,  0.16119639],
        [ 0.327404  ,  0.21691729]])]}
Iteration #54 Log-ProbabilityF,Z: -365.646897 Log-Probability Total:-704.053350 Number of States:6
[[ 1.  1.  1.  0.  1.  1.]
 [ 1.  1.  1.  0.  1.  1.]
 [ 1.  1.  1.  1.  1.  1.]
 [ 1.  1.  1.  0.  1.  1.]
 [ 1.  1.  1.  1.  1.  1.]]
Time 19.34 sec
Time 6.77 sec
Time 2.19 sec
{'l': [matrix([[ 0.01132939,  0.79986001],
        [ 0.06053436,  0.0728353 ],
        [ 0.04422683,  0.07940507],
        [ 0.56920014,  0.24873126],
        [ 0.96906479,  0.07018128],
        [ 0.58157774,  0.82158717]])], 'v': [matrix([[ 0.07183392,  0.16955024],
        [ 0.96595497,  0.09190285],
        [ 0.04498813,  0.95647961],
        [ 0.94665377,  0.00909563],
        [ 0.1169984 ,  0.10050712],
        [ 0.28223401,  0.31704753]])]}
Iteration #55 Log-ProbabilityF,Z: -357.694356 Log-Probability Total:-692.258233 Number of States:6
[[ 1.  1.  1.  0.  1.  1.]
 [ 1.  1.  1.  0.  1.  0.]
 [ 1.  1.  1.  0.  0.  1.]
 [ 1.  1.  0.  1.  1.  1.]
 [ 1.  1.  1.  0.  1.  1.]]
Time 16.37 sec
Time 10.96 sec
Time 2.91 sec
{'l': [matrix([[ 0.06797938,  0.82509375],
        [ 0.0075502 ,  0.07458976],
        [ 0.02649523,  0.02738461],
        [ 0.48570692,  0.34232204],
        [ 0.97710576,  0.14086006],
        [ 0.63904959,  0.74164241],
        [ 0.29561845,  0.51394764]])], 'v': [matrix([[ 0.06214305,  0.26302464],
        [ 0.93499272,  0.10562958],
        [ 0.02768527,  0.92849796],
        [ 0.98505442,  0.07806037],
        [ 0.35636603,  0.13302033],
        [ 0.55008826,  0.32893369],
        [ 0.64623347,  0.37373573]])]}
Iteration #56 Log-ProbabilityF,Z: -409.616917 Log-Probability Total:-737.972122 Number of States:7
[[ 1.  1.  1.  0.  1.  1.  0.]
 [ 1.  1.  1.  1.  1.  1.  1.]
 [ 1.  1.  1.  1.  1.  1.  0.]
 [ 1.  1.  1.  1.  1.  1.  0.]
 [ 1.  1.  1.  1.  1.  1.  0.]]
Time 26.62 sec
Time 8.90 sec
Time 2.27 sec
{'l': [matrix([[ 0.01559476,  0.83021378],
        [ 0.00441159,  0.06693534],
        [ 0.07389959,  0.01258218],
        [ 0.23130235,  0.71248744],
        [ 0.88091562,  0.07456869],
        [ 0.47659593,  0.51731967],
        [ 0.32446527,  0.19398479]])], 'v': [matrix([[ 0.02062173,  0.17998255],
        [ 0.92921135,  0.07950311],
        [ 0.07779867,  0.9689667 ],
        [ 0.98072522,  0.23864294],
        [ 0.3442589 ,  0.0359432 ],
        [ 0.51773741,  0.24735612],
        [ 0.71789611,  0.39706589]])]}
Iteration #57 Log-ProbabilityF,Z: -410.119056 Log-Probability Total:-733.169511 Number of States:7
[[ 1.  1.  1.  1.  1.  1.  0.]
 [ 1.  1.  1.  1.  1.  0.  1.]
 [ 1.  1.  1.  1.  1.  1.  0.]
 [ 1.  1.  1.  0.  1.  1.  1.]
 [ 0.  1.  1.  1.  1.  1.  0.]]
Time 27.95 sec
Time 8.70 sec
Time 4.97 sec
{'l': [matrix([[ 0.00417377,  0.88852304],
        [ 0.01005355,  0.12120744],
        [ 0.08078125,  0.05410264],
        [ 0.25603325,  0.71863866],
        [ 0.84772261,  0.15138908],
        [ 0.61609888,  0.5673591 ],
        [ 0.37412964,  0.30657618]])], 'v': [matrix([[ 0.00752385,  0.09799444],
        [ 0.82957599,  0.10122268],
        [ 0.14613932,  0.94268375],
        [ 0.99597493,  0.13561077],
        [ 0.40029852,  0.0774997 ],
        [ 0.28966402,  0.11410555],
        [ 0.82700779,  0.26620588]])]}
Iteration #58 Log-ProbabilityF,Z: -398.621698 Log-Probability Total:-704.625569 Number of States:7
[[ 1.  1.  1.  1.  1.  1.  1.]
 [ 1.  1.  1.  0.  1.  1.  0.]
 [ 1.  1.  1.  1.  1.  0.  1.]
 [ 1.  1.  1.  1.  1.  0.  0.]
 [ 1.  1.  1.  1.  1.  1.  1.]]
Time 24.98 sec
Time 7.86 sec
Time 2.51 sec
{'l': [matrix([[ 0.02037502,  0.92181214],
        [ 0.01320069,  0.04720253],
        [ 0.08462847,  0.03999968],
        [ 0.11718479,  0.448506  ],
        [ 0.9305228 ,  0.09845384],
        [ 0.61860582,  0.78242886]])], 'v': [matrix([[ 0.00118145,  0.16385956],
        [ 0.8670135 ,  0.15419551],
        [ 0.1526588 ,  0.85883525],
        [ 0.98985309,  0.09669834],
        [ 0.41163858,  0.05966778],
        [ 0.33595814,  0.19056609]])]}
Iteration #59 Log-ProbabilityF,Z: -376.950054 Log-Probability Total:-715.565176 Number of States:6
[[ 1.  1.  1.  1.  1.  1.]
 [ 0.  1.  1.  1.  1.  0.]
 [ 1.  1.  1.  1.  1.  1.]
 [ 1.  1.  0.  1.  1.  1.]
 [ 0.  1.  1.  1.  1.  1.]]
Time 20.75 sec
Time 8.36 sec
Time 2.00 sec
{'l': [matrix([[ 0.06702581,  0.94786063],
        [ 0.02823904,  0.0345407 ],
        [ 0.05325741,  0.0733822 ],
        [ 0.09054588,  0.3300482 ],
        [ 0.99895299,  0.21808691],
        [ 0.53747692,  0.83985376]])], 'v': [matrix([[ 0.01759621,  0.1292263 ],
        [ 0.93358866,  0.06712769],
        [ 0.1034581 ,  0.95092747],
        [ 0.9969521 ,  0.08892948],
        [ 0.34949797,  0.0546399 ],
        [ 0.34080452,  0.27093917]])]}
Iteration #60 Log-ProbabilityF,Z: -386.127480 Log-Probability Total:-697.302504 Number of States:6
[[ 1.  1.  1.  1.  1.  1.]
 [ 1.  1.  1.  1.  1.  1.]
 [ 1.  1.  1.  1.  0.  0.]
 [ 1.  1.  1.  1.  1.  1.]
 [ 1.  1.  1.  1.  1.  1.]]
Time 20.68 sec
Time 8.53 sec
Time 5.29 sec
{'l': [matrix([[ 0.04874355,  0.86052748],
        [ 0.03149333,  0.01142329],
        [ 0.0976987 ,  0.06936144],
        [ 0.15085436,  0.47318634],
        [ 0.99970313,  0.13542636],
        [ 0.559082  ,  0.63221404]])], 'v': [matrix([[ 0.01269342,  0.1395557 ],
        [ 0.91236209,  0.08409048],
        [ 0.20472944,  0.92012602],
        [ 0.99673226,  0.1099523 ],
        [ 0.42404009,  0.05210632],
        [ 0.43096613,  0.11351947]])]}
Iteration #61 Log-ProbabilityF,Z: -384.556609 Log-Probability Total:-703.153922 Number of States:6
[[ 1.  1.  1.  1.  1.  1.]
 [ 1.  1.  1.  0.  1.  1.]
 [ 1.  1.  1.  1.  1.  1.]
 [ 1.  1.  0.  1.  1.  0.]
 [ 1.  1.  1.  1.  1.  0.]]
Time 26.89 sec
Time 12.17 sec
Time 5.24 sec
{'l': [matrix([[ 0.00591246,  0.74245965],
        [ 0.00818211,  0.01278207],
        [ 0.10254577,  0.10519936],
        [ 0.1535622 ,  0.46500272],
        [ 0.98942321,  0.12970659],
        [ 0.61162275,  0.92188919],
        [ 0.73864404,  0.87195194]])], 'v': [matrix([[ 0.06499375,  0.17020152],
        [ 0.83960496,  0.05921953],
        [ 0.14979806,  0.87861507],
        [ 0.9767079 ,  0.32964156],
        [ 0.25525342,  0.09925298],
        [ 0.85809515,  0.739054  ],
        [ 0.4571477 ,  0.04727792]])]}
Iteration #62 Log-ProbabilityF,Z: -405.986025 Log-Probability Total:-710.603714 Number of States:7
[[ 1.  1.  1.  1.  1.  0.  0.]
 [ 1.  1.  1.  1.  1.  0.  0.]
 [ 1.  1.  1.  1.  1.  1.  0.]
 [ 1.  1.  1.  1.  1.  1.  0.]
 [ 1.  1.  1.  1.  1.  1.  1.]]
Time 33.45 sec
Time 13.79 sec
Time 6.85 sec
{'l': [matrix([[  4.87189383e-04,   7.88839134e-01],
        [  9.95988489e-03,   3.41416117e-03],
        [  6.17432476e-02,   5.65631495e-02],
        [  3.01586298e-01,   1.50112618e-01],
        [  9.53234060e-01,   1.77533170e-01],
        [  1.13256908e-01,   9.06982616e-01],
        [  4.02237648e-01,   9.71457133e-01]])], 'v': [matrix([[ 0.08638138,  0.08379423],
        [ 0.81395153,  0.10033314],
        [ 0.02554251,  0.91193292],
        [ 0.97264016,  0.1188276 ],
        [ 0.10575222,  0.11817116],
        [ 0.66982493,  0.36459145],
        [ 0.25677058,  0.13631395]])]}
Iteration #63 Log-ProbabilityF,Z: -401.234382 Log-Probability Total:-713.909365 Number of States:7
[[ 1.  1.  1.  1.  1.  1.  1.]
 [ 1.  1.  1.  1.  1.  1.  0.]
 [ 1.  1.  1.  1.  1.  1.  1.]
 [ 1.  1.  1.  1.  1.  1.  1.]
 [ 0.  1.  1.  1.  1.  0.  1.]]
Time 41.26 sec
Time 10.24 sec
Time 5.75 sec
{'l': [matrix([[ 0.02725824,  0.83280534],
        [ 0.04784089,  0.00421105],
        [ 0.05468237,  0.01884014],
        [ 0.98901002,  0.1093967 ],
        [ 0.21784705,  0.57202917],
        [ 0.56310546,  0.88282694],
        [ 0.57314832,  0.09944242],
        [ 0.16051217,  0.07833054]])], 'v': [matrix([[ 0.22734715,  0.19951993],
        [ 0.84824192,  0.06107904],
        [ 0.03881633,  0.96640737],
        [ 0.11019058,  0.04202326],
        [ 0.51078342,  0.33269326],
        [ 0.17889785,  0.15512084],
        [ 0.91123992,  0.16592338],
        [ 0.54637592,  0.52966877]])]}
Iteration #64 Log-ProbabilityF,Z: -411.538948 Log-Probability Total:-760.117634 Number of States:8
[[ 1.  1.  1.  1.  1.  1.  0.  0.]
 [ 1.  1.  1.  1.  1.  1.  0.  0.]
 [ 1.  1.  1.  1.  1.  0.  0.  0.]
 [ 1.  1.  1.  1.  1.  1.  1.  0.]
 [ 1.  1.  1.  1.  1.  1.  0.  1.]]
Time 39.04 sec
Time 12.81 sec
Time 4.09 sec
{'l': [matrix([[ 0.1267395 ,  0.83420901],
        [ 0.02787958,  0.00391365],
        [ 0.03141484,  0.01522293],
        [ 0.89613739,  0.15208212],
        [ 0.32345063,  0.85397777],
        [ 0.26276221,  0.15075188],
        [ 0.27217769,  0.13975911]])], 'v': [matrix([[ 0.19580721,  0.17007222],
        [ 0.81717409,  0.04031033],
        [ 0.02497351,  0.9845516 ],
        [ 0.10149999,  0.05287974],
        [ 0.16635139,  0.17815329],
        [ 0.97363176,  0.06747409],
        [ 0.44414677,  0.40581611]])]}
Iteration #65 Log-ProbabilityF,Z: -397.683586 Log-Probability Total:-739.165678 Number of States:7
[[ 1.  1.  1.  1.  1.  0.  1.]
 [ 1.  1.  1.  1.  0.  1.  1.]
 [ 1.  1.  1.  1.  1.  1.  1.]
 [ 1.  1.  1.  1.  1.  1.  1.]
 [ 1.  1.  1.  1.  1.  1.  1.]]
Time 28.92 sec
Time 10.17 sec
Time 2.44 sec
{'l': [matrix([[ 0.09093993,  0.80407847],
        [ 0.06350184,  0.00116987],
        [ 0.01983548,  0.0074511 ],
        [ 0.87590762,  0.18585489],
        [ 0.68576605,  0.99252109],
        [ 0.15448716,  0.30171639],
        [ 0.51760317,  0.82923958],
        [ 0.33786263,  0.14197515]])], 'v': [matrix([[ 0.21666122,  0.15565074],
        [ 0.81539734,  0.06323323],
        [ 0.05123912,  0.96520731],
        [ 0.06865334,  0.33810478],
        [ 0.14515597,  0.4164975 ],
        [ 0.93595709,  0.12690483],
        [ 0.22127969,  0.07470631],
        [ 0.32119069,  0.40164664]])]}
Iteration #66 Log-ProbabilityF,Z: -413.612063 Log-Probability Total:-760.950093 Number of States:8
[[ 1.  1.  1.  1.  1.  1.  1.  0.]
 [ 0.  1.  1.  1.  1.  1.  0.  0.]
 [ 1.  1.  1.  0.  1.  0.  1.  0.]
 [ 1.  1.  1.  0.  0.  1.  0.  0.]
 [ 0.  1.  1.  1.  1.  1.  0.  1.]]
Time 30.92 sec
Time 10.51 sec
Time 3.07 sec
{'l': [matrix([[ 0.08315277,  0.81015627],
        [ 0.14689639,  0.02517965],
        [ 0.00402523,  0.00412534],
        [ 0.80081733,  0.1571213 ],
        [ 0.1577312 ,  0.99043492],
        [ 0.18796657,  0.17802641],
        [ 0.99811922,  0.98530735]])], 'v': [matrix([[ 0.19632855,  0.0803116 ],
        [ 0.92023563,  0.10829318],
        [ 0.04615824,  0.97758274],
        [ 0.03454008,  0.17940671],
        [ 0.55756359,  0.52210556],
        [ 0.78368496,  0.29924659],
        [ 0.9953658 ,  0.65580408]])]}
Iteration #67 Log-ProbabilityF,Z: -370.683591 Log-Probability Total:-704.630705 Number of States:7
[[ 1.  1.  1.  1.  1.  0.  0.]
 [ 1.  1.  1.  1.  1.  0.  0.]
 [ 1.  1.  1.  1.  0.  1.  0.]
 [ 1.  1.  1.  1.  1.  1.  0.]
 [ 1.  1.  1.  1.  1.  1.  1.]]
Time 28.13 sec
Time 10.52 sec
Time 2.55 sec
{'l': [matrix([[  1.05125117e-01,   8.15482707e-01],
        [  1.03228772e-01,   4.45378107e-02],
        [  5.21120810e-02,   3.42088624e-05],
        [  8.59546331e-01,   3.39473557e-01],
        [  1.38063150e-02,   9.92795283e-01],
        [  7.07644470e-01,   1.67951712e-02],
        [  6.07581586e-01,   6.63237250e-01]])], 'v': [matrix([[ 0.29600521,  0.10274337],
        [ 0.89110187,  0.17307445],
        [ 0.01080858,  0.97390251],
        [ 0.09274104,  0.31258793],
        [ 0.23404982,  0.42688736],
        [ 0.24118543,  0.15995974],
        [ 0.94564121,  0.98900394]])]}
Iteration #68 Log-ProbabilityF,Z: -357.928379 Log-Probability Total:-697.989788 Number of States:7
[[ 1.  1.  1.  1.  1.  0.  1.]
 [ 1.  1.  1.  1.  1.  1.  1.]
 [ 1.  1.  1.  1.  1.  0.  1.]
 [ 1.  1.  1.  1.  1.  0.  1.]
 [ 1.  1.  1.  1.  1.  0.  1.]]
Time 29.28 sec
Time 11.39 sec
Time 2.81 sec
{'l': [matrix([[ 0.08936503,  0.87243607],
        [ 0.03113809,  0.04436463],
        [ 0.07293806,  0.00328817],
        [ 0.93572206,  0.20267103],
        [ 0.13464656,  0.98323231],
        [ 0.85134839,  0.1288684 ],
        [ 0.81961419,  0.64101602]])], 'v': [matrix([[ 0.30665404,  0.08396986],
        [ 0.90296421,  0.15176754],
        [ 0.04789197,  0.97822355],
        [ 0.15087665,  0.07851035],
        [ 0.09894678,  0.33252122],
        [ 0.25311505,  0.26534279],
        [ 0.99339339,  0.83844425]])]}
Iteration #69 Log-ProbabilityF,Z: -380.638274 Log-Probability Total:-710.536112 Number of States:7
[[ 1.  1.  1.  1.  1.  1.  1.]
 [ 1.  1.  1.  1.  1.  0.  1.]
 [ 1.  1.  1.  0.  1.  0.  1.]
 [ 1.  1.  0.  1.  1.  1.  0.]
 [ 1.  1.  1.  1.  1.  1.  0.]]
Time 27.29 sec
Time 9.85 sec
Time 5.17 sec
{'l': [matrix([[ 0.07853493,  0.91676934],
        [ 0.07096031,  0.05019402],
        [ 0.20588025,  0.00486846],
        [ 0.75645786,  0.24079365],
        [ 0.249611  ,  0.95906613],
        [ 0.83354662,  0.20548223],
        [ 0.33336226,  0.768422  ]])], 'v': [matrix([[ 0.3244341 ,  0.10001828],
        [ 0.84521155,  0.09152612],
        [ 0.05532544,  0.99733183],
        [ 0.18479739,  0.03934873],
        [ 0.14375274,  0.42851471],
        [ 0.58124305,  0.07333655],
        [ 0.9553961 ,  0.4067852 ]])]}
Iteration #70 Log-ProbabilityF,Z: -370.325763 Log-Probability Total:-718.135336 Number of States:7
[[ 1.  1.  1.  1.  1.  0.  0.]
 [ 0.  1.  1.  1.  1.  1.  0.]
 [ 1.  1.  1.  1.  1.  1.  1.]
 [ 1.  1.  1.  1.  1.  1.  1.]
 [ 1.  1.  1.  1.  1.  1.  0.]]
Time 31.14 sec
Time 11.94 sec
Time 6.47 sec
{'l': [matrix([[ 0.2347857 ,  0.95993746],
        [ 0.05679485,  0.05668051],
        [ 0.09972695,  0.01032431],
        [ 0.69559973,  0.18762701],
        [ 0.23640601,  0.89110954],
        [ 0.86302341,  0.0698243 ],
        [ 0.29434546,  0.1768063 ]])], 'v': [matrix([[ 0.18796124,  0.05202794],
        [ 0.77790853,  0.03871419],
        [ 0.09682964,  0.99098188],
        [ 0.14384834,  0.01128157],
        [ 0.08931839,  0.19702822],
        [ 0.50793139,  0.26012138],
        [ 0.46380736,  0.4618855 ]])]}
Iteration #71 Log-ProbabilityF,Z: -407.613604 Log-Probability Total:-746.906834 Number of States:7
[[ 1.  1.  1.  1.  1.  1.  0.]
 [ 1.  1.  1.  1.  1.  1.  1.]
 [ 1.  1.  1.  1.  1.  0.  1.]
 [ 1.  1.  1.  1.  1.  1.  1.]
 [ 1.  1.  1.  1.  1.  1.  1.]]
Time 32.53 sec
Time 11.51 sec
Time 3.40 sec
{'l': [matrix([[ 0.12520895,  0.9392129 ],
        [ 0.04541394,  0.07709725],
        [ 0.18469571,  0.05370835],
        [ 0.81981787,  0.15264962],
        [ 0.26228089,  0.96641518],
        [ 0.27901105,  0.06518852],
        [ 0.51908007,  0.05721044]])], 'v': [matrix([[ 0.41834287,  0.06764009],
        [ 0.86666596,  0.0293233 ],
        [ 0.09131872,  0.99185449],
        [ 0.11333888,  0.07489106],
        [ 0.16369556,  0.27064489],
        [ 0.7641124 ,  0.12454438],
        [ 0.30027677,  0.25652622]])]}
Iteration #72 Log-ProbabilityF,Z: -384.128035 Log-Probability Total:-729.780234 Number of States:7
[[ 1.  1.  1.  1.  1.  0.  1.]
 [ 1.  1.  1.  1.  1.  1.  1.]
 [ 1.  1.  1.  0.  1.  1.  0.]
 [ 1.  1.  1.  0.  1.  1.  0.]
 [ 1.  1.  1.  1.  1.  1.  0.]]
Time 26.77 sec
Time 11.76 sec
Time 5.24 sec
{'l': [matrix([[ 0.14643302,  0.88733547],
        [ 0.04771819,  0.04706483],
        [ 0.15604233,  0.02069154],
        [ 0.84253918,  0.10515663],
        [ 0.2455453 ,  0.96834589],
        [ 0.47093483,  0.0349096 ],
        [ 0.40652003,  0.00566687]])], 'v': [matrix([[ 0.40770023,  0.06942644],
        [ 0.79148546,  0.05188974],
        [ 0.09335316,  0.98962041],
        [ 0.01831419,  0.07718138],
        [ 0.05763839,  0.19954322],
        [ 0.8221873 ,  0.12234724],
        [ 0.70491496,  0.03904166]])]}
Iteration #73 Log-ProbabilityF,Z: -410.540101 Log-Probability Total:-752.727906 Number of States:7
[[ 1.  1.  1.  1.  1.  1.  0.]
 [ 1.  1.  1.  0.  1.  1.  1.]
 [ 1.  1.  1.  1.  1.  1.  0.]
 [ 1.  1.  0.  1.  1.  1.  1.]
 [ 1.  1.  1.  1.  1.  1.  1.]]
Time 30.93 sec
Time 15.54 sec
Time 7.06 sec
{'l': [matrix([[  2.02647767e-01,   7.85472475e-01],
        [  4.34891022e-02,   4.71673090e-02],
        [  1.26697974e-01,   7.32719690e-02],
        [  7.16089891e-01,   2.54847419e-01],
        [  2.59039254e-01,   9.48665089e-01],
        [  9.30521864e-01,   2.82900798e-01],
        [  3.62151157e-01,   5.38363065e-04]])], 'v': [matrix([[ 0.66314549,  0.21720569],
        [ 0.86603943,  0.11090975],
        [ 0.19328098,  0.92634635],
        [ 0.03001048,  0.00930492],
        [ 0.05941943,  0.24862834],
        [ 0.71603798,  0.09370075],
        [ 0.84270229,  0.05181081]])]}
Iteration #74 Log-ProbabilityF,Z: -416.978520 Log-Probability Total:-756.146582 Number of States:7
[[ 1.  1.  1.  1.  1.  0.  1.]
 [ 1.  1.  1.  1.  1.  0.  1.]
 [ 1.  1.  1.  1.  1.  0.  1.]
 [ 1.  1.  1.  0.  1.  0.  1.]
 [ 1.  1.  1.  1.  1.  1.  0.]]
Time 37.56 sec
Time 9.99 sec
Time 3.45 sec
{'l': [matrix([[ 0.11839609,  0.81735022],
        [ 0.0127789 ,  0.0813102 ],
        [ 0.04410264,  0.03808891],
        [ 0.73831623,  0.24342867],
        [ 0.08079238,  0.97451383],
        [ 0.91324376,  0.20885768],
        [ 0.24197256,  0.07606032]])], 'v': [matrix([[ 0.83444308,  0.30600063],
        [ 0.85094087,  0.11626618],
        [ 0.12857093,  0.94002635],
        [ 0.00284724,  0.0386846 ],
        [ 0.02743351,  0.21054155],
        [ 0.96450207,  0.13503243],
        [ 0.91162426,  0.03827492]])]}
Iteration #75 Log-ProbabilityF,Z: -403.559744 Log-Probability Total:-730.391431 Number of States:7
[[ 1.  1.  1.  1.  1.  0.  1.]
 [ 0.  1.  1.  1.  0.  1.  0.]
 [ 1.  1.  1.  0.  1.  1.  0.]
 [ 1.  1.  1.  1.  1.  1.  1.]
 [ 0.  1.  1.  1.  1.  1.  1.]]
Time 31.44 sec
Time 10.41 sec
Time 6.34 sec
{'l': [matrix([[ 0.16834927,  0.86398412],
        [ 0.03709249,  0.03550727],
        [ 0.08590891,  0.03031883],
        [ 0.8524164 ,  0.26584668],
        [ 0.09929077,  0.95499462],
        [ 0.77156546,  0.27571185],
        [ 0.51576703,  0.14435278]])], 'v': [matrix([[ 0.68391959,  0.20371519],
        [ 0.93600071,  0.10699122],
        [ 0.01776223,  0.96026098],
        [ 0.03124809,  0.11676364],
        [ 0.0211752 ,  0.09693877],
        [ 0.91556394,  0.06275988],
        [ 0.56708845,  0.11019602]])]}
Iteration #76 Log-ProbabilityF,Z: -401.003306 Log-Probability Total:-722.912254 Number of States:7
[[ 1.  1.  1.  1.  1.  1.  0.]
 [ 1.  1.  1.  1.  1.  1.  1.]
 [ 1.  1.  1.  1.  1.  1.  1.]
 [ 1.  1.  1.  1.  1.  1.  0.]
 [ 1.  1.  1.  1.  1.  1.  0.]]
Time 30.43 sec
Time 8.14 sec
Time 5.38 sec
{'l': [matrix([[ 0.32438836,  0.81911275],
        [ 0.00377996,  0.07204117],
        [ 0.06262466,  0.02034007],
        [ 0.83139342,  0.25084316],
        [ 0.05364541,  0.88921044],
        [ 0.80002435,  0.12183467]])], 'v': [matrix([[  5.76999375e-01,   1.74878495e-01],
        [  8.97970696e-01,   1.35080553e-01],
        [  6.30903379e-02,   9.85283655e-01],
        [  9.47995144e-03,   4.79806222e-02],
        [  1.93647680e-05,   7.44586632e-02],
        [  8.64106880e-01,   1.92055135e-01]])]}
Iteration #77 Log-ProbabilityF,Z: -374.738371 Log-Probability Total:-679.695068 Number of States:6
[[ 1.  1.  1.  1.  1.  1.]
 [ 1.  1.  1.  1.  0.  1.]
 [ 1.  1.  1.  0.  1.  1.]
 [ 1.  1.  1.  0.  1.  1.]
 [ 1.  1.  1.  1.  0.  1.]]
Time 19.33 sec
Time 10.70 sec
Time 2.32 sec
{'l': [matrix([[ 0.26894112,  0.71860869],
        [ 0.01044397,  0.09609028],
        [ 0.01902956,  0.04373284],
        [ 0.78826026,  0.17854402],
        [ 0.01246062,  0.87881741],
        [ 0.86170791,  0.01089598],
        [ 0.14053648,  0.56865636]])], 'v': [matrix([[ 0.79630256,  0.32128148],
        [ 0.89846601,  0.09417585],
        [ 0.07495294,  0.92552352],
        [ 0.08129721,  0.18439315],
        [ 0.00937454,  0.14726468],
        [ 0.74962257,  0.34845526],
        [ 0.41124605,  0.99512623]])]}
Iteration #78 Log-ProbabilityF,Z: -391.621088 Log-Probability Total:-701.341818 Number of States:7
[[ 1.  1.  1.  1.  1.  1.  0.]
 [ 1.  1.  1.  1.  1.  1.  0.]
 [ 0.  1.  1.  1.  1.  1.  0.]
 [ 1.  1.  1.  1.  1.  1.  0.]
 [ 1.  1.  1.  1.  1.  1.  1.]]
Time 27.62 sec
Time 10.88 sec
Time 2.97 sec
{'l': [matrix([[  2.12592097e-01,   8.00728107e-01],
        [  4.35486873e-02,   8.37451177e-02],
        [  8.53084751e-05,   5.19237022e-02],
        [  9.41583039e-01,   2.72571227e-01],
        [  1.02006499e-02,   8.29962022e-01],
        [  5.22915546e-01,   4.51040746e-04],
        [  3.38149853e-01,   8.64919542e-01]])], 'v': [matrix([[ 0.74644602,  0.09917242],
        [ 0.82767906,  0.09805507],
        [ 0.08779122,  0.80110112],
        [ 0.01157495,  0.15389734],
        [ 0.00824961,  0.07444229],
        [ 0.67919317,  0.08235433],
        [ 0.13422925,  0.92696591]])]}
Iteration #79 Log-ProbabilityF,Z: -403.489512 Log-Probability Total:-734.364720 Number of States:7
[[ 1.  1.  1.  1.  1.  1.  1.]
 [ 1.  1.  1.  1.  1.  1.  1.]
 [ 1.  1.  1.  0.  1.  1.  1.]
 [ 1.  1.  0.  0.  1.  1.  1.]
 [ 0.  1.  1.  1.  1.  1.  0.]]
Time 31.55 sec
Time 11.65 sec
Time 5.49 sec
{'l': [matrix([[ 0.11453005,  0.61000038],
        [ 0.04200519,  0.04116801],
        [ 0.03151368,  0.10437791],
        [ 0.92625173,  0.29426944],
        [ 0.03419094,  0.93282344],
        [ 0.56078714,  0.01926769],
        [ 0.15173065,  0.63156473]])], 'v': [matrix([[ 0.78488395,  0.09764378],
        [ 0.87580114,  0.1340159 ],
        [ 0.05979922,  0.89623885],
        [ 0.02746404,  0.12748896],
        [ 0.00138814,  0.1296549 ],
        [ 0.57149751,  0.00724534],
        [ 0.25606906,  0.99642726]])]}
Iteration #80 Log-ProbabilityF,Z: -396.729497 Log-Probability Total:-736.699295 Number of States:7
[[ 1.  1.  1.  1.  1.  1.  1.]
 [ 0.  1.  1.  1.  0.  1.  1.]
 [ 1.  1.  1.  1.  1.  0.  1.]
 [ 1.  1.  1.  1.  1.  1.  1.]
 [ 1.  1.  1.  1.  0.  1.  1.]]
Time 32.65 sec
Time 13.21 sec
Time 6.76 sec
{'l': [matrix([[ 0.28107845,  0.54929967],
        [ 0.01749663,  0.0624608 ],
        [ 0.0367343 ,  0.06457028],
        [ 0.90651645,  0.2229276 ],
        [ 0.04623766,  0.91541222],
        [ 0.60543456,  0.02455824],
        [ 0.18260801,  0.87868474]])], 'v': [matrix([[ 0.83613233,  0.03928999],
        [ 0.89206337,  0.08773548],
        [ 0.08265309,  0.93961782],
        [ 0.00397524,  0.24673384],
        [ 0.0413635 ,  0.0490412 ],
        [ 0.59489499,  0.00912557],
        [ 0.27887965,  0.96099525]])]}
Iteration #81 Log-ProbabilityF,Z: -420.009541 Log-Probability Total:-732.833494 Number of States:7
[[ 1.  1.  1.  1.  1.  1.  1.]
 [ 1.  1.  1.  1.  1.  1.  1.]
 [ 1.  1.  1.  1.  1.  1.  1.]
 [ 1.  1.  1.  1.  1.  1.  1.]
 [ 1.  1.  1.  1.  1.  1.  0.]]
Time 36.35 sec
Time 12.03 sec
Time 6.28 sec
{'l': [matrix([[ 0.27365576,  0.57791157],
        [ 0.01747672,  0.03773187],
        [ 0.06527346,  0.02316652],
        [ 0.97638959,  0.26097986],
        [ 0.12021529,  0.9050753 ],
        [ 0.71076662,  0.01548619],
        [ 0.25991384,  0.66570504]])], 'v': [matrix([[ 0.66785729,  0.05791261],
        [ 0.8420423 ,  0.08944475],
        [ 0.0360421 ,  0.9588457 ],
        [ 0.02295158,  0.16990126],
        [ 0.04172925,  0.08577347],
        [ 0.69714062,  0.12739461],
        [ 0.33000178,  0.87696731]])]}
Iteration #82 Log-ProbabilityF,Z: -396.073295 Log-Probability Total:-721.009822 Number of States:7
[[ 1.  1.  1.  1.  1.  0.  1.]
 [ 1.  1.  1.  1.  1.  1.  1.]
 [ 1.  1.  1.  1.  1.  0.  1.]
 [ 1.  1.  1.  1.  1.  1.  1.]
 [ 1.  1.  1.  1.  1.  1.  1.]]
Time 31.81 sec
Time 13.83 sec
Time 5.50 sec
{'l': [matrix([[  2.72342429e-01,   3.49936749e-01],
        [  2.45401938e-04,   4.09344893e-02],
        [  3.69380887e-02,   8.11834009e-02],
        [  9.74388058e-01,   1.60532394e-01],
        [  8.82498388e-02,   9.52831185e-01],
        [  6.35587962e-01,   1.90313277e-03],
        [  1.79375184e-01,   6.21211900e-01]])], 'v': [matrix([[ 0.79443849,  0.08378894],
        [ 0.86287119,  0.11110221],
        [ 0.03853295,  0.92745294],
        [ 0.02407676,  0.05040929],
        [ 0.04727913,  0.01166094],
        [ 0.79161365,  0.10128031],
        [ 0.12138724,  0.94546349]])]}
Iteration #83 Log-ProbabilityF,Z: -428.649126 Log-Probability Total:-735.001920 Number of States:7
[[ 1.  1.  1.  1.  1.  1.  1.]
 [ 1.  1.  1.  1.  1.  1.  1.]
 [ 1.  1.  1.  0.  1.  1.  1.]
 [ 1.  1.  1.  1.  1.  1.  1.]
 [ 1.  1.  1.  1.  0.  1.  1.]]
Time 30.80 sec
Time 8.30 sec
Time 5.51 sec
{'l': [matrix([[ 0.16375916,  0.41279769],
        [ 0.0247038 ,  0.02738791],
        [ 0.09131027,  0.08115543],
        [ 0.98647906,  0.20947214],
        [ 0.20336461,  0.96565913],
        [ 0.60671769,  0.20357362],
        [ 0.04470675,  0.41230456],
        [ 0.51123717,  0.73950656]])], 'v': [matrix([[  8.01519728e-01,   5.69397833e-02],
        [  8.61895093e-01,   1.57956480e-01],
        [  4.87957512e-02,   9.37442633e-01],
        [  1.94450359e-03,   8.30588509e-02],
        [  6.50531374e-02,   4.16874895e-02],
        [  7.37344534e-01,   6.09483324e-02],
        [  1.30998603e-01,   9.84099756e-01],
        [  7.95337815e-04,   8.22417736e-01]])]}
Iteration #84 Log-ProbabilityF,Z: -405.850159 Log-Probability Total:-734.950651 Number of States:8
[[ 1.  1.  1.  1.  1.  0.  1.  0.]
 [ 0.  1.  1.  1.  0.  1.  1.  0.]
 [ 1.  1.  1.  1.  1.  0.  1.  0.]
 [ 1.  1.  1.  0.  1.  1.  1.  0.]
 [ 1.  1.  1.  1.  1.  1.  0.  1.]]
Time 37.88 sec
Time 16.07 sec
Time 5.76 sec
{'l': [matrix([[ 0.105187  ,  0.31998212],
        [ 0.00735909,  0.04581374],
        [ 0.05598558,  0.10839846],
        [ 0.95665893,  0.1095506 ],
        [ 0.08928269,  0.92411432],
        [ 0.25950855,  0.10400312],
        [ 0.11121657,  0.36642361],
        [ 0.72684602,  0.43257722]])], 'v': [matrix([[ 0.79070685,  0.09033193],
        [ 0.86927828,  0.18783028],
        [ 0.09062671,  0.95060061],
        [ 0.04229021,  0.12090408],
        [ 0.04149167,  0.09056301],
        [ 0.78407633,  0.146433  ],
        [ 0.12697973,  0.76422295],
        [ 0.19548409,  0.60831364]])]}
Iteration #85 Log-ProbabilityF,Z: -434.461824 Log-Probability Total:-775.051891 Number of States:8
[[ 1.  1.  0.  1.  1.  1.  1.  1.]
 [ 1.  1.  1.  1.  1.  1.  0.  1.]
 [ 1.  1.  1.  1.  1.  1.  1.  1.]
 [ 1.  1.  1.  1.  1.  1.  1.  1.]
 [ 1.  1.  1.  1.  0.  1.  1.  1.]]
Time 47.68 sec
Time 17.33 sec
Time 10.32 sec
{'l': [matrix([[ 0.02955188,  0.45956757],
        [ 0.00342118,  0.02315813],
        [ 0.03354618,  0.07452336],
        [ 0.96530804,  0.12449127],
        [ 0.10925847,  0.9275495 ],
        [ 0.3889062 ,  0.08316488],
        [ 0.19516747,  0.55682649],
        [ 0.67161408,  0.24788706]])], 'v': [matrix([[ 0.94922057,  0.08310678],
        [ 0.85996275,  0.1767194 ],
        [ 0.13499567,  0.93725037],
        [ 0.02778611,  0.1997073 ],
        [ 0.02412166,  0.07513924],
        [ 0.93685438,  0.073159  ],
        [ 0.04900821,  0.83572675],
        [ 0.30694938,  0.45810823]])]}
Iteration #86 Log-ProbabilityF,Z: -437.450607 Log-Probability Total:-785.708961 Number of States:8
[[ 0.  1.  1.  1.  1.  1.  1.  1.]
 [ 0.  1.  1.  1.  0.  1.  1.  1.]
 [ 1.  1.  1.  1.  1.  1.  0.  1.]
 [ 1.  1.  1.  1.  1.  1.  1.  1.]
 [ 1.  1.  1.  1.  1.  1.  0.  1.]]
Time 62.69 sec
Time 15.05 sec
Time 4.38 sec
{'l': [matrix([[  2.65111461e-02,   4.52091441e-01],
        [  1.23691692e-02,   8.09116962e-04],
        [  8.74659159e-03,   1.10066557e-01],
        [  9.61448640e-01,   1.39785455e-01],
        [  3.47352216e-02,   9.26646621e-01],
        [  2.92790168e-01,   5.18143537e-02],
        [  5.13356045e-01,   3.68164341e-01],
        [  1.02333270e-01,   3.16530650e-01]])], 'v': [matrix([[ 0.91314783,  0.12262977],
        [ 0.80183491,  0.08498987],
        [ 0.1534873 ,  0.93400931],
        [ 0.11944932,  0.29341303],
        [ 0.02031813,  0.08742358],
        [ 0.98292907,  0.04202544],
        [ 0.04664774,  0.75676274],
        [ 0.14192454,  0.32653719]])]}
Iteration #87 Log-ProbabilityF,Z: -448.136435 Log-Probability Total:-752.878436 Number of States:8
[[ 1.  1.  1.  1.  1.  1.  1.  0.]
 [ 1.  1.  1.  1.  1.  1.  0.  0.]
 [ 1.  1.  1.  0.  1.  1.  1.  1.]
 [ 1.  1.  1.  0.  1.  1.  0.  1.]
 [ 1.  1.  1.  1.  0.  1.  1.  0.]]
Time 60.54 sec
Time 15.83 sec
Time 6.56 sec
{'l': [matrix([[  1.15057066e-01,   3.91659345e-01],
        [  9.54288671e-03,   4.60990636e-02],
        [  6.73242029e-04,   6.86315577e-02],
        [  9.82327958e-01,   2.56564332e-01],
        [  2.10962583e-02,   9.78055600e-01],
        [  2.86881455e-01,   7.94481105e-02],
        [  5.99838078e-02,   7.72563036e-01],
        [  2.32477610e-01,   4.24237476e-01]])], 'v': [matrix([[ 0.94353055,  0.18875899],
        [ 0.78319136,  0.06556096],
        [ 0.17157185,  0.96584744],
        [ 0.19711944,  0.19558087],
        [ 0.00285966,  0.05821143],
        [ 0.95868445,  0.01082621],
        [ 0.30136082,  0.08794186],
        [ 0.10298428,  0.99342544]])]}
Iteration #88 Log-ProbabilityF,Z: -433.968522 Log-Probability Total:-738.823332 Number of States:8
[[ 1.  1.  1.  1.  1.  1.  0.  0.]
 [ 1.  1.  1.  1.  0.  1.  1.  1.]
 [ 1.  1.  1.  1.  1.  1.  0.  0.]
 [ 1.  1.  1.  1.  1.  1.  0.  0.]
 [ 1.  1.  1.  1.  1.  1.  0.  1.]]
Time 40.99 sec
Time 9.01 sec
Time 6.11 sec
{'l': [matrix([[  1.80442645e-01,   3.24322976e-01],
        [  4.53291890e-02,   6.19544485e-02],
        [  2.51427061e-04,   8.74079803e-02],
        [  9.61774629e-01,   2.13943251e-01],
        [  7.03750961e-02,   9.63506837e-01],
        [  5.38772062e-01,   2.61667645e-02],
        [  2.32688579e-01,   3.65016323e-02],
        [  4.00366192e-01,   3.72204782e-01]])], 'v': [matrix([[  9.70547445e-01,   4.45341233e-02],
        [  7.63703692e-01,   9.09723512e-02],
        [  4.83550873e-02,   9.78640443e-01],
        [  7.77717015e-02,   2.01273710e-01],
        [  7.10934346e-04,   5.24568177e-02],
        [  7.85507911e-01,   6.48996456e-03],
        [  6.22164044e-01,   1.51031263e-01],
        [  1.49289722e-01,   9.81997757e-01]])]}
Iteration #89 Log-ProbabilityF,Z: -441.482126 Log-Probability Total:-747.481723 Number of States:8
[[ 1.  1.  1.  1.  1.  0.  0.  1.]
 [ 1.  1.  1.  1.  1.  1.  1.  0.]
 [ 1.  1.  1.  1.  1.  0.  0.  1.]
 [ 1.  1.  0.  1.  1.  1.  0.  1.]
 [ 1.  1.  1.  1.  1.  1.  0.  0.]]
Time 31.36 sec
Time 13.29 sec
Time 5.88 sec
{'l': [matrix([[ 0.15657506,  0.49916947],
        [ 0.06394738,  0.01834912],
        [ 0.01083301,  0.06019536],
        [ 0.99201674,  0.17455686],
        [ 0.06031717,  0.97248393],
        [ 0.10813846,  0.08621118],
        [ 0.31849374,  0.04066693],
        [ 0.36708252,  0.40508988]])], 'v': [matrix([[ 0.92322977,  0.03373989],
        [ 0.8088464 ,  0.168234  ],
        [ 0.02847714,  0.97469645],
        [ 0.01446952,  0.20315057],
        [ 0.01046508,  0.07506993],
        [ 0.9420846 ,  0.06270428],
        [ 0.25523512,  0.10120379],
        [ 0.04620461,  0.99737969]])]}
Iteration #90 Log-ProbabilityF,Z: -452.336399 Log-Probability Total:-766.057260 Number of States:8
[[ 1.  1.  0.  1.  1.  1.  0.  1.]
 [ 1.  1.  1.  1.  1.  0.  1.  1.]
 [ 1.  1.  1.  0.  1.  1.  1.  1.]
 [ 1.  1.  1.  0.  1.  0.  1.  1.]
 [ 1.  1.  1.  1.  0.  1.  1.  1.]]
Time 42.57 sec
Time 15.11 sec
Time 7.07 sec
{'l': [matrix([[ 0.17531158,  0.30145169],
        [ 0.0238756 ,  0.00644041],
        [ 0.03394129,  0.06104545],
        [ 0.94830123,  0.37873793],
        [ 0.10505933,  0.94662329],
        [ 0.18245544,  0.01245841],
        [ 0.19591463,  0.01370887],
        [ 0.45342199,  0.52085553]])], 'v': [matrix([[ 0.97235932,  0.11824238],
        [ 0.89564822,  0.09231602],
        [ 0.00107173,  0.91530362],
        [ 0.00473363,  0.23063696],
        [ 0.0446196 ,  0.03795338],
        [ 0.89564714,  0.27845814],
        [ 0.52956273,  0.09581489],
        [ 0.06660821,  0.87155526]])]}
Iteration #91 Log-ProbabilityF,Z: -462.399642 Log-Probability Total:-751.286835 Number of States:8
[[ 1.  1.  1.  1.  1.  0.  1.  1.]
 [ 1.  1.  1.  1.  0.  1.  1.  1.]
 [ 1.  1.  1.  1.  1.  0.  1.  1.]
 [ 1.  1.  1.  1.  1.  1.  1.  1.]
 [ 1.  1.  1.  1.  1.  1.  1.  1.]]
Time 50.29 sec
Time 14.15 sec
Time 6.85 sec
{'l': [matrix([[ 0.19717357,  0.48877731],
        [ 0.00174849,  0.03256227],
        [ 0.04567689,  0.04514093],
        [ 0.94554921,  0.28352743],
        [ 0.02665293,  0.97702284],
        [ 0.19496516,  0.02194026],
        [ 0.13230117,  0.10394509],
        [ 0.13472126,  0.54069199]])], 'v': [matrix([[ 0.92773943,  0.16398865],
        [ 0.88852611,  0.06957586],
        [ 0.01400266,  0.92786238],
        [ 0.02729274,  0.11244792],
        [ 0.02646029,  0.01211722],
        [ 0.96804552,  0.43997494],
        [ 0.44542994,  0.1174066 ],
        [ 0.0630163 ,  0.80436983]])]}
Iteration #92 Log-ProbabilityF,Z: -459.168705 Log-Probability Total:-765.336890 Number of States:8
[[ 1.  1.  0.  1.  1.  1.  1.  1.]
 [ 1.  1.  1.  1.  1.  1.  1.  1.]
 [ 1.  1.  1.  1.  1.  1.  1.  1.]
 [ 1.  1.  1.  1.  1.  0.  1.  1.]
 [ 1.  1.  1.  1.  1.  1.  1.  1.]]
Time 50.77 sec
Time 14.72 sec
Time 6.95 sec
{'l': [matrix([[  2.52169006e-01,   5.96138725e-01],
        [  7.86364408e-05,   2.42179307e-02],
        [  1.43435942e-01,   6.06718361e-02],
        [  9.50431137e-01,   3.03103061e-01],
        [  1.18708564e-02,   9.94339565e-01],
        [  1.64890775e-01,   1.08269166e-02],
        [  2.52626207e-01,   3.25554325e-02],
        [  1.23952485e-01,   6.26010279e-01]])], 'v': [matrix([[ 0.93813132,  0.12777805],
        [ 0.9001677 ,  0.04396868],
        [ 0.02488628,  0.94466915],
        [ 0.0376436 ,  0.17259748],
        [ 0.09243394,  0.01109963],
        [ 0.96558245,  0.2894861 ],
        [ 0.2408346 ,  0.04921703],
        [ 0.02654326,  0.65512367]])]}
Iteration #93 Log-ProbabilityF,Z: -471.993246 Log-Probability Total:-768.307057 Number of States:8
[[ 1.  1.  1.  1.  1.  0.  1.  1.]
 [ 1.  1.  1.  1.  1.  1.  1.  1.]
 [ 1.  1.  1.  0.  1.  1.  0.  1.]
 [ 1.  1.  1.  0.  1.  1.  1.  1.]
 [ 1.  1.  1.  1.  1.  1.  1.  1.]]
Time 49.10 sec
Time 14.40 sec
Time 8.17 sec
{'l': [matrix([[  3.35987936e-01,   3.39913286e-01],
        [  2.15006022e-04,   1.49364354e-02],
        [  1.99880962e-02,   2.83636744e-02],
        [  9.17683370e-01,   2.35932917e-01],
        [  1.40387882e-02,   9.56052769e-01],
        [  3.42638344e-01,   3.63616951e-02],
        [  3.57055555e-01,   1.66364751e-01],
        [  2.06989248e-01,   7.07079110e-01]])], 'v': [matrix([[ 0.90000255,  0.0424848 ],
        [ 0.95066671,  0.05131951],
        [ 0.0777529 ,  0.99639092],
        [ 0.02846568,  0.20684503],
        [ 0.10314233,  0.10052678],
        [ 0.99727215,  0.40453684],
        [ 0.39540519,  0.02515824],
        [ 0.05830079,  0.59342003]])]}
Iteration #94 Log-ProbabilityF,Z: -467.083276 Log-Probability Total:-764.029263 Number of States:8
[[ 1.  1.  1.  1.  1.  1.  0.  1.]
 [ 1.  1.  1.  0.  1.  1.  1.  1.]
 [ 1.  1.  1.  0.  1.  1.  1.  1.]
 [ 1.  1.  1.  1.  1.  1.  1.  1.]
 [ 1.  1.  1.  1.  1.  1.  1.  1.]]
Time 65.49 sec
Time 20.63 sec
Time 6.35 sec
{'l': [matrix([[ 0.33098012,  0.43993083],
        [ 0.00319936,  0.00954192],
        [ 0.01778852,  0.04537573],
        [ 0.91600174,  0.06920394],
        [ 0.06802763,  0.93922954],
        [ 0.12875033,  0.0085405 ],
        [ 0.44463444,  0.09365775],
        [ 0.32735671,  0.92803584]])], 'v': [matrix([[ 0.94159209,  0.031774  ],
        [ 0.86322947,  0.02361691],
        [ 0.02956979,  0.99218809],
        [ 0.02492614,  0.23522864],
        [ 0.0271798 ,  0.03729282],
        [ 0.99206086,  0.12490907],
        [ 0.1033448 ,  0.02985978],
        [ 0.18280457,  0.7352484 ]])]}
Iteration #95 Log-ProbabilityF,Z: -474.635215 Log-Probability Total:-765.337233 Number of States:8
[[ 1.  1.  1.  1.  1.  1.  1.  1.]
 [ 1.  1.  1.  1.  1.  1.  1.  1.]
 [ 1.  1.  1.  1.  1.  1.  1.  0.]
 [ 1.  1.  1.  1.  1.  1.  0.  1.]
 [ 1.  1.  1.  1.  0.  1.  1.  1.]]
Time 48.37 sec
Time 15.94 sec
Time 7.47 sec
{'l': [matrix([[  2.14194555e-01,   5.00837987e-01],
        [  3.88398748e-04,   4.44194648e-03],
        [  4.10299185e-02,   5.55034359e-02],
        [  9.98512511e-01,   1.85142192e-01],
        [  1.76779321e-01,   9.96637209e-01],
        [  2.52265792e-01,   1.02666075e-02],
        [  1.97330785e-01,   1.52911377e-02],
        [  3.12518783e-01,   9.49645553e-01]])], 'v': [matrix([[ 0.99877567,  0.031583  ],
        [ 0.88896108,  0.11641721],
        [ 0.02402587,  0.92953658],
        [ 0.03077516,  0.3673947 ],
        [ 0.02747736,  0.0042795 ],
        [ 0.93801549,  0.05535642],
        [ 0.34855745,  0.04154472],
        [ 0.19969823,  0.65589873]])]}
Iteration #96 Log-ProbabilityF,Z: -480.398962 Log-Probability Total:-749.488945 Number of States:8
[[ 1.  1.  1.  1.  1.  1.  1.  1.]
 [ 1.  1.  1.  1.  0.  1.  1.  1.]
 [ 1.  1.  1.  1.  1.  1.  1.  1.]
 [ 1.  1.  1.  1.  1.  1.  1.  1.]
 [ 1.  1.  1.  1.  1.  1.  1.  1.]]
Time 52.19 sec
Time 17.12 sec
Time 4.91 sec
{'l': [matrix([[  3.20825893e-01,   4.34646875e-01],
        [  7.33478961e-02,   1.09553457e-04],
        [  1.88053453e-02,   4.06956469e-02],
        [  9.95200031e-01,   5.10088669e-02],
        [  1.42373220e-01,   8.93709258e-01],
        [  5.06496833e-01,   5.85279638e-03],
        [  4.04614314e-02,   4.67153519e-02],
        [  2.18268574e-01,   8.20227897e-01]])], 'v': [matrix([[ 0.99718423,  0.01593998],
        [ 0.89301086,  0.17031445],
        [ 0.03435092,  0.8904652 ],
        [ 0.07946719,  0.25265589],
        [ 0.09651643,  0.01116113],
        [ 0.90411986,  0.09001386],
        [ 0.44336324,  0.04827991],
        [ 0.19483894,  0.50846127]])]}
Iteration #97 Log-ProbabilityF,Z: -465.076291 Log-Probability Total:-769.434518 Number of States:8
[[ 1.  1.  1.  1.  1.  1.  1.  1.]
 [ 0.  1.  1.  1.  1.  1.  1.  1.]
 [ 1.  1.  1.  1.  1.  1.  1.  1.]
 [ 1.  1.  1.  1.  1.  1.  1.  1.]
 [ 1.  1.  1.  1.  1.  1.  0.  1.]]
Time 53.94 sec
Time 15.03 sec
Time 7.09 sec
{'l': [matrix([[ 0.23779816,  0.29563818],
        [ 0.01252444,  0.04947928],
        [ 0.01302119,  0.0496616 ],
        [ 0.99338097,  0.09335673],
        [ 0.2939885 ,  0.92787747],
        [ 0.34613331,  0.05421087],
        [ 0.01473698,  0.1332865 ],
        [ 0.39014045,  0.94139563]])], 'v': [matrix([[ 0.99910558,  0.05900714],
        [ 0.9425479 ,  0.06441666],
        [ 0.05196329,  0.78854943],
        [ 0.00291717,  0.38188747],
        [ 0.04824766,  0.02038398],
        [ 0.77911221,  0.13740945],
        [ 0.31927638,  0.14045735],
        [ 0.21388343,  0.35813345]])]}
Iteration #98 Log-ProbabilityF,Z: -470.387185 Log-Probability Total:-756.975025 Number of States:8
[[ 1.  1.  1.  1.  1.  1.  1.  1.]
 [ 1.  1.  1.  1.  0.  1.  1.  1.]
 [ 1.  1.  1.  1.  1.  0.  1.  1.]
 [ 1.  1.  1.  1.  1.  1.  1.  1.]
 [ 1.  1.  1.  1.  1.  0.  1.  1.]]
Time 49.36 sec
Time 11.53 sec
Time 7.33 sec
{'l': [matrix([[ 0.37152459,  0.36425543],
        [ 0.00572273,  0.09095731],
        [ 0.00325384,  0.06796054],
        [ 0.99716217,  0.00440447],
        [ 0.24841441,  0.93613506],
        [ 0.81826974,  0.0394323 ],
        [ 0.00225015,  0.2911548 ],
        [ 0.36715916,  0.89506933]])], 'v': [matrix([[ 0.99232278,  0.02961236],
        [ 0.99752126,  0.14892915],
        [ 0.08627098,  0.86120065],
        [ 0.03825062,  0.28765027],
        [ 0.01637509,  0.06650785],
        [ 0.88214862,  0.4994814 ],
        [ 0.27579165,  0.25651067],
        [ 0.24922376,  0.71249508]])]}
Iteration #99 Log-ProbabilityF,Z: -459.488794 Log-Probability Total:-771.961010 Number of States:8
[[ 1.  1.  1.  1.  1.  0.  1.  1.]
 [ 1.  1.  1.  1.  1.  0.  1.  1.]
 [ 1.  1.  1.  1.  1.  0.  1.  1.]
 [ 1.  1.  1.  1.  1.  1.  1.  1.]
 [ 1.  1.  1.  1.  1.  1.  1.  1.]]
Time 50.29 sec
Time 24.65 sec
Time 9.11 sec
{'l': [matrix([[ 0.24508453,  0.25750111],
        [ 0.0505534 ,  0.02045722],
        [ 0.0208079 ,  0.02687053],
        [ 0.94209906,  0.01432882],
        [ 0.12691596,  0.86544335],
        [ 0.79371421,  0.0723802 ],
        [ 0.08026872,  0.40544477],
        [ 0.2050794 ,  0.80360715]])], 'v': [matrix([[ 0.98538864,  0.04566902],
        [ 0.99109433,  0.12502933],
        [ 0.10203916,  0.90673409],
        [ 0.08602931,  0.20184861],
        [ 0.08853724,  0.05665594],
        [ 0.86501649,  0.14319606],
        [ 0.25042379,  0.28916933],
        [ 0.06082171,  0.59001881]])]}
