-3.905654
-34.406324
-66.815126
-78.910156
-84.285682
-80.689599
-76.647156
-70.113158
-72.154860
-76.677927
-89.154804
-86.049271
-63.441176
-74.967332
-85.019652
-83.404937
-92.029163
-83.724707
-89.762374
-86.549704
-81.200060
-75.750801
-75.776119
-75.437793
-76.620208
-77.967282
-73.785174
-81.359593
-77.775424
-60.556317
-72.154164
-79.828054
-74.561779
-82.963682
-58.380171
-68.076277
-68.325737
-74.918098
-83.603337
-82.353302
-98.345944
-98.535305
-95.882453
-91.090469
-77.160466
-100.666876
-97.845978
-91.325592
-77.963191
-69.514206
-55.273730
-51.292350
-55.964895
-64.549649
-63.450387
-64.490057
-91.058630
-99.790913
-92.054223
-63.165771
-88.111693
-71.578482
-84.801725
-97.285920
-88.927322
-88.345728
-79.105479
-82.214540
-88.024183
-84.344498
-85.190890
-91.173987
-89.093895
-78.866269
-77.843688
-82.122885
-78.754374
-78.933843
-76.448936
-78.396265
-81.840003
-80.305585
-66.427347
-81.530985
-92.092947
-90.223760
-96.134557
-95.322850
-76.466057
-80.928962
-83.323061
-80.823602
-75.900309
-66.569498
-67.784623
-69.903196
-67.927141
-68.727502
-79.022578
-66.246879
-67.304705
-70.216279
-77.466060
-81.447737
-78.857970
-79.353047
-78.167424
-62.721649
-67.458875
-64.978029
-74.043661
-77.549402
-65.334262
-72.345974
-73.444350
-84.316454
-80.710462
-81.389221
-67.721751
-66.557253
-62.282782
-79.444019
-59.141212
-60.228774
-56.584230
-68.211915
-69.905282
-66.940803
-64.473815
-70.443300
-70.324493
-59.562425
-68.263197
-55.775615
-61.515527
-68.929272
-69.393680
-83.949210
-85.399974
-86.824529
-78.550682
-77.882372
-85.489132
-91.628106
-92.925699
-92.870394
-84.967042
-79.611850
-74.032373
-81.497358
-79.576191
-92.851954
-92.988634
-90.506479
-92.875190
-98.017503
-84.019852
-75.036325
-78.950543
-77.760711
-71.935643
-82.100880
-83.371651
-79.478104
-83.274412
-79.740562
-81.996331
-90.385003
-98.384071
-95.054711
-100.431483
-80.609587
-92.709649
-94.415635
-90.978551
-79.563554
-95.410805
-88.937012
-91.101195
-87.893004
-85.792605
-97.340314
-87.668861
-73.848698
-78.867951
-58.523133
-61.361999
-54.170299
-60.596499
-57.154480
-59.210205
-60.382925
-63.633485
-65.322966
-64.404261
-76.950320
-85.315632
-85.823376
-74.712617
-80.360310
-93.539824
-95.224201
-90.444051
-85.657966
-76.506095
-75.903060
-89.347968
-94.590657
-91.250185
-93.553070
-74.839176
-80.044607
-67.059033
-74.747289
-70.712506
-71.775092
-68.641971
-74.451574
-78.583501
-78.945132
-87.018060
-99.007808
-99.739049
-92.805318
-95.373649
-73.053586
-81.640535
-81.846815
-80.337941
-90.668932
-86.091351
-87.586188
-78.078610
-86.523729
-78.700014
-80.686746
-84.225104
-85.558648
-81.820004
-79.819362
-83.838152
-82.393017
-88.051853
-93.369147
-92.865153
-91.616235
-81.323803
-55.629661
-60.523648
-67.189487
-82.495064
-88.151160
-91.178441
-72.271629
-81.301331
-68.853805
-66.435486
-73.263902
-80.712049
-80.409100
-85.832865
-76.856597
-52.835632
-67.709932
-60.709051
-61.201527
-68.472468
-59.419702
-65.126386
-64.207490
-70.119350
-67.342207
-64.429363
-68.136995
-62.733407
-73.905316
-80.447536
-81.601071
-80.902151
-82.696938
-87.695136
-92.418866
-94.852022
-80.919217
-79.965680
-86.352878
-74.028157
-72.606364
-72.424042
-62.926710
-77.047231
-72.666942
-66.871846
-80.791514
-73.208539
-90.623411
-90.116608
-86.510783
-87.456022
-96.828116
-88.883768
-90.751078
-88.007721
-98.977507
-86.713350
-64.319664
-60.133469
-60.486072
-76.628755
-78.854164
-59.109959
-65.540398
-68.444880
-71.046197
-77.984608
-78.420098
-79.345464
-78.652811
-76.258760
-74.010677
-77.648698
-81.861825
-85.948579
-89.883810
-75.759264
-68.652756
-77.028667
-82.863797
-60.874131
-64.472038
-67.767875
-45.252576
-66.693943
-62.490537
-67.785400
-61.977858
-62.575695
-45.487727
-54.719887
-58.367626
-51.824039
-58.966858
-68.973624
-67.367595
-70.756308
-74.745561
-78.842998
-74.851504
-65.166423
-68.578670
-77.917469
-81.094700
-89.190830
-68.726425
-76.861051
-79.798840
-72.248017
-73.053931
-81.601529
-77.634687
-81.134529
-70.238250
-77.539694
-79.390530
-74.234403
-78.834638
-78.255795
-75.591411
-57.116258
-68.144775
-76.600944
-77.416213
-76.020349
-72.775932
-69.404507
-55.260441
-64.211450
-60.687355
-60.399673
-75.803145
-70.360019
-86.551900
-85.447556
-71.072336
-74.472254
-85.964407
-82.711835
-93.570353
-86.492349
-89.198471
-85.199245
-77.859899
-59.426812
-83.011486
-79.416309
-86.392687
-93.080968
-93.845669
-81.269736
-86.663364
-99.446263
-97.708992
-87.289223
-88.398957
-88.943561
-105.080165
-96.150693
-93.593892
-87.294206
-89.873783
-107.465221
-88.792389
-91.457059
-65.095554
-69.127098
-84.849259
-87.785525
-90.308918
-83.141759
-76.554209
-85.127865
-87.532729
-74.721628
-80.086308
-61.642507
-70.715917
-66.375489
-61.600106
-66.771662
-65.095416
-69.091407
-66.229206
-69.001795
-69.214010
-65.542149
-64.282417
-77.619420
-92.255893
-75.093807
-86.806957
-68.092659
-71.661414
-73.443123
-78.853481
-78.266363
-80.200928
-79.687249
-78.909627
-92.002472
-98.039645
-93.220227
-77.964788
-77.542445
-58.017045
-67.042103
-70.133245
-68.790126
-75.675097
-84.163727
-101.045036
-86.759287
-94.194204
-95.888139
-85.496954
-83.868429
-91.501841
-86.301464
-86.411163
-81.751505
-79.528144
-93.455662
-74.329989
-76.735969
-80.094149
-80.070196
-76.221135
-68.352652
-74.719328
-63.422216
-59.173721
-55.055041
-66.994047
-81.790725
-86.292603
-89.701997
-89.347834
-86.545581
-78.933193
-81.597569
-77.107911
-75.969984
-75.556820
-79.381868
-87.592321
-89.006740
-91.447676
-81.834648
-88.231980
-71.909256
-74.099872
-83.513492
-80.057806
-70.339147
-65.278033
-66.502209
-63.113799
-69.334638
-67.752492
-81.048788
-87.543298
-86.838149
-81.755615
-89.323514
-77.806972
-80.915257
-84.293981
-93.459128
-82.696378
-79.194431
-80.406372
-79.639142
-86.612739
-71.861124
-75.731074
-69.827545
-54.657544
-68.056143
-81.329136
-75.835276
-77.851128
-89.333759
-93.112013
-86.131752
-103.723973
-95.635199
-98.428995
-100.129979
-92.508774
-94.598266
-80.929267
-62.586947
-70.992472
-70.076181
-82.648390
-78.835815
-83.395825
-77.817670
-68.710483
-60.791127
-59.383961
-64.206335
-71.256299
-70.697468
-80.092714
-80.875474
-76.920677
-82.992961
-92.691309
-92.573511
-85.593114
-85.076476
-70.976307
-86.627648
-91.614962
-89.399719
-93.655348
-84.499106
-85.962260
-88.767474
-94.825060
-88.616658
-101.753312
-93.978172
-81.984881
-86.891580
-97.914836
-93.189095
-109.495754
-94.245594
-100.931989
-86.242810
-85.309173
-79.784242
-74.729270
-76.473111
-71.445432
-82.108394
-77.524426
-77.155329
-84.984250
-71.905707
-69.297391
-76.291283
-76.098594
-83.534760
-83.756838
-95.883826
-89.115322
-81.111967
-84.048350
-81.017222
-86.726507
-85.620926
-96.954102
-87.673677
-81.093570
-84.380993
-90.107669
-77.475319
-64.001058
-75.955596
-78.036957
-81.570663
-73.716189
-81.584109
-94.600327
-86.462035
-87.686753
-84.006299
-85.566947
-69.810972
-72.575592
-74.496923
-74.751837
-80.720904
-76.403816
-53.737818
-53.637351
-66.174602
-85.039879
-91.001066
-81.911828
-86.955511
-87.884469
-84.260524
-86.261323
-83.487175
-70.393042
-70.497888
-59.557984
-61.738670
-67.055885
-68.432027
-70.972246
-71.793227
-67.133568
-69.819146
-61.070841
-62.287236
-78.673430
-81.089610
-80.950470
-69.536524
-73.307479
-81.755465
-76.658527
-83.578267
-86.450711
-84.747674
-67.480077
-69.065405
-68.866487
-68.578670
-66.746122
-73.426887
-69.504195
-59.823309
-64.804172
-63.250047
-63.053235
-74.119221
-70.156618
-80.755495
-88.062903
-87.890886
-81.173870
-85.136898
-93.997635
-89.635766
-89.802282
-98.942737
-98.926153
-94.447341
-96.404221
-87.902574
-79.397372
-77.754411
-87.777952
-73.251099
-77.696711
-87.689606
-73.516424
-71.773455
-76.083407
-82.560379
-70.625622
-67.697883
-73.875369
-67.894057
-80.075473
-75.908712
-83.062692
-87.616989
-83.650478
-83.559012
-77.118422
-73.523101
-77.188516
-88.134754
-75.212898
-74.432384
-50.965751
-64.633278
-65.784641
-67.250400
-70.342278
-84.716315
-76.029576
-80.641261
-63.869405
-52.312885
-59.675273
-49.072652
-51.685392
-58.181246
-69.782662
-64.589705
-71.668871
-75.354691
-77.657958
-84.254760
-87.194403
-73.783101
-78.880842
-81.535073
-88.362008
-81.803214
-90.013881
-96.014579
-89.839653
-92.582435
-85.773809
-67.892254
-74.394163
-80.743406
-81.235778
-94.864506
-110.883977
-112.157386
-95.879630
-91.336427
-102.249503
-98.703805
-93.768793
-87.299941
-84.799361
-85.885070
-87.206826
-87.541028
-79.772193
-73.740237
-67.709932
-60.342103
-71.846836
-70.966154
-63.348885
-66.808567
-65.784225
-54.162945
-61.548929
-67.042103
-61.115293
-70.640251
-64.572122
-58.947724
-60.666153
-68.118736
-60.318270
-74.815276
-72.204465
-48.176273
-66.808567
-66.280784
-59.425035
-61.161813
-64.413975
-67.436518
-68.991297
-61.093963
-70.561183
-72.330470
-73.086418
-74.328131
-78.518455
-73.029848
-70.065368
-76.999934
-78.902752
-70.168724
-74.502377
-75.501555
-64.483088
-62.355683
-61.795241
-60.054526
-75.982690
-80.849225
-88.947165
-78.038415
-75.640695
-86.407406
-66.639491
-72.296626
-68.191573
-67.737976
-80.386627
-84.578697
-88.465617
-82.378843
-65.753228
-93.620703
-85.376326
-73.294280
-79.153989
-75.667318
-77.765588
-72.515392
-82.833898
-76.237824
-76.267527
-83.528875
-82.877031
-83.881427
-76.845622
-76.787604
-72.394527
-78.183172
-78.116438
-72.806246
-82.547088
-74.674419
-76.918940
-80.753773
-90.014538
-80.674309
-79.622217
-77.863859
-87.093003
-80.627575
-71.444951
-77.937873
-74.052460
-83.578361
-82.004299
-78.609477
-88.662299
-96.412670
-102.993086
-97.890479
-77.827492
-77.498109
-85.783029
-71.995235
-83.042489
-69.695373
-60.452901
-77.033701
-84.853143
-75.938568
-70.734562
-76.911790
-89.782475
-67.455967
-74.798135
-69.914556
-82.983391
-81.737597
-76.608698
-78.942054
-82.862526
-86.509555
-83.634357
-76.218737
-89.181237
-86.395333
-82.025246
-71.296714
-97.149011
-98.286836
-92.908713
-99.109670
-84.110179
-82.388893
-94.210626
-87.207560
-69.845563
-72.884970
-56.372048
-87.665652
-89.321858
-91.668189
-81.838516
-88.593120
-88.849880
-70.500489
-71.036147
-75.309183
-80.257794
-75.257432
-70.266038
-71.361569
-80.150696
-83.424919
-63.294383
-62.363601
-74.605884
-81.941829
-87.644212
-84.508303
-94.822954
-100.239419
-67.022942
-72.474228
-89.937998
-86.776692
-75.139603
-76.725649
-76.119783
-84.586118
-90.174808
-67.901429
-72.057798
-75.921971
-86.228841
-90.559117
-94.524385
-79.280468
-77.084079
-82.577621
-77.140649
-84.109617
-81.261311
-87.097017
-79.644523
-70.960101
-79.421546
-74.854470
-76.143363
-65.459098
-66.649060
-68.354289
-71.329438
-82.902572
-76.719998
-77.998087
-69.344307
-75.417552
-58.173672
-55.991329
-55.321898
-54.040964
-72.894046
-56.327801
-60.640835
-65.779289
-63.348885
-65.932283
-75.892315
-78.460109
-84.422693
-77.146571
-70.581891
-63.130196
-47.827095
-67.019846
-69.408961
-78.728399
-74.787206
-72.289648
-72.310383
-77.389895
-79.607207
-84.539430
-86.347105
-89.583588
-65.097408
-78.580120
-85.102641
-91.250527
-80.902057
-84.210094
-92.024043
-73.879214
-79.459286
-82.320779
-81.497920
-81.120018
-77.476907
-69.961759
-91.919584
