-95.750427
-132.519507
-136.412328
-131.342763
-97.444469
-106.251136
-111.627869
-116.242967
-100.970941
-117.704660
-92.049336
-92.669337
-94.195394
-93.355989
-96.460452
-98.112486
-88.709230
-92.971059
-101.614752
-89.991248
-93.338506
-89.511680
-94.407920
-105.356980
-83.837390
-96.581572
-84.125073
-93.786595
-93.574767
-90.298652
-102.607526
-100.445871
-104.101053
-104.135276
-90.519031
-88.325806
-100.939008
-99.362119
-90.455606
-92.876326
-117.877314
-105.403133
-106.888664
-91.928289
-92.215971
-90.535496
-93.698427
-85.511367
-84.530538
-85.629150
-83.837390
-96.996207
-94.155987
-107.567397
-107.890827
-94.715652
-93.483050
-95.642476
-93.012585
-94.525343
-100.256446
-104.042537
-120.551432
-113.772193
-98.935460
-100.917218
-88.038124
-88.443589
-89.493128
-94.864925
-90.979442
-97.416237
-100.711388
