-504.179026
-683.255158
-637.192105
-627.925646
-588.817961
-503.525504
-577.773564
-511.299686
-505.344543
-504.650403
-445.671940
-420.808029
-400.359250
-418.518443
-403.408347
-415.963229
-403.652042
-403.576900
-371.815149
-409.120971
-366.606752
-521.587851
-482.436406
-445.260117
-381.063171
-357.215008
-353.611764
-347.056286
-354.575201
-348.411221
-358.179084
-357.027354
-367.410382
-357.404803
-356.999338
-372.590825
-361.829024
-363.891815
-367.432918
-372.857613
-363.463021
-346.938503
-346.650821
-347.343968
-355.641060
-360.436475
-364.485152
-355.354946
-348.411221
-349.753840
-348.367546
-358.179084
-363.536896
-361.295355
-369.159974
-347.631650
-346.938503
-347.056286
-354.980666
-347.056286
-372.295891
-365.652723
-364.390118
-368.160846
-379.867126
-380.837226
-382.687182
-383.281437
-396.602269
-381.850703
-395.381548
-392.502028
-385.656607
-377.683153
-377.903644
-398.484631
-385.182344
-378.917298
-391.891608
-394.120581
-409.944722
-402.556291
-414.750067
-389.517361
-378.902421
-384.567818
-399.509272
-409.268715
-366.468429
-372.504534
-374.265676
-379.154462
-426.731866
-375.325925
-389.362427
-368.352909
-374.843753
-380.164706
-365.087959
-356.680112
