-614.763545
-803.631369
-899.111135
-817.805532
-749.360516
-717.369502
-719.888567
-678.176093
-710.740543
-733.063578
-698.871677
-681.942893
-714.010404
-712.123200
-705.376425
-717.633042
-690.598674
-703.508169
-709.016445
-697.555910
-712.782451
-690.601350
-689.828521
-720.534293
-727.166043
-740.596826
-732.116894
-729.693350
-692.291985
-706.237311
-712.180346
-760.505578
-740.094975
-735.984036
-759.275033
-722.952276
-738.069572
-746.721983
-717.883119
-732.684221
-734.126988
-760.370821
-732.774431
-742.631488
-721.733095
-684.258913
-678.013867
-685.802416
-699.369276
-692.287843
-697.555806
-688.785105
-702.130433
-692.809861
-704.053350
-692.258233
-737.972122
-733.169511
-704.625569
-715.565176
-697.302504
-703.153922
-710.603714
-713.909365
-760.117634
-739.165678
-760.950093
-704.630705
-697.989788
-710.536112
-718.135336
-746.906834
-729.780234
-752.727906
-756.146582
-730.391431
-722.912254
-679.695068
-701.341818
-734.364720
-736.699295
-732.833494
-721.009822
-735.001920
-734.950651
-775.051891
-785.708961
-752.878436
-738.823332
-747.481723
-766.057260
-751.286835
-765.336890
-768.307057
-764.029263
-765.337233
-749.488945
-769.434518
-756.975025
-771.961010
